OTU_id	0	1	10	11	12	13	14	15	16	17	18	19	2	20	21	22	23	24	25	26	27	28	29	3	30	31	32	33	34	35	36	37	38	39	4	40	41	42	43	44	45	46	47	48	49	5	6	7	8	9
0	1.0	0.00750907802472	0.160210951608	-0.038299817898	0.03224031888	-0.0259788292197	-0.0908210761536	0.0618069249905	-0.0198660867264	0.0465910279104	0.0671093723468	0.00677566797791	-0.0378327576302	0.00169333602195	-0.0664318321377	0.0522378241738	0.010586950325	-0.0737871903409	-0.00306205156891	-0.015382624228	-0.0751670061625	-0.0440939544185	-0.0969098748331	-0.0128630228412	-0.000166715308394	-0.0420408629426	-0.0425036744239	-0.0012236790118	0.0642525130677	0.0994739199683	0.00628058717004	0.116391646155	-0.0523049457058	-0.0357351647377	-0.111841720429	-0.0380760288638	0.125369446158	0.0517431792457	-0.129363861301	0.0214164315936	-0.0132464836876	0.016129925773	-0.086032541487	-0.000523806563232	0.0601494088853	0.0520533087826	0.0353501377973	0.0843389049456	-0.0148620958998	-0.015239440472
1	0.00750907802472	1.0	-0.0168227010481	-0.00225717666587	0.0568931989195	-0.0107222564662	-0.00808646026735	-0.029211476031	0.0145903317734	0.00550708082351	0.00325637190205	0.000871799060261	0.101127651025	0.0229931138767	0.0351849154972	0.00787895825121	-0.0314600416516	-0.055233143726	-0.108363154225	0.0308979027164	0.0981177393951	0.0328037558652	0.115402723479	-0.156969569544	-0.0360084662861	-7.87696515496e-05	-0.074010198569	0.105155414085	0.0296392592493	0.0446168354133	0.0849654760253	0.0237017510796	0.0502528267247	-0.0360654584203	-0.0421534090429	0.0336673610263	-0.0243191986069	-0.0900082255817	-0.0345449932199	0.0637374642852	-0.00600092956007	-0.057936076022	-0.148507590471	0.116725040223	0.0324252141363	-0.0824946756045	-0.00731370884043	-0.0118654904839	-0.0387743724356	-0.0157439108465
10	0.160210951608	-0.0168227010481	1.0	-0.0579375923221	-0.0524657259809	-0.0543599344042	-0.103178660385	-0.118154185827	0.0291654505641	-0.0258172375508	-0.0813518240006	-0.0991893291224	0.0141097905534	0.0335127472767	0.0151463768912	0.0695486564805	-0.0500840114177	0.000140282846433	-0.0953372789776	0.0954315808705	-0.0340855827508	-0.0557388937896	0.018658066148	-0.064749143108	-0.0298375628788	0.0329689617583	0.0613664214184	-0.01891963988	-0.0209717312649	0.0921786241297	0.0924348193502	0.158949142519	0.00884946705504	-0.0430100430559	0.0370656464204	-0.0411307255304	0.00468035365306	0.0306541064477	-0.117159973404	-0.0507863365072	0.0639820180313	-0.0763624511537	0.0195246495911	-0.0796883030926	0.033136950207	0.0386674380547	0.0354961354111	0.0501596697543	-0.0129418609375	0.140937470679
11	-0.038299817898	-0.00225717666587	-0.0579375923221	1.0	0.0287710697352	-0.0168890594574	0.134539707363	0.00722350204222	0.0068875102421	-0.0967631672273	-0.0626518896237	0.0202642443185	-0.0887501239212	0.0178043169185	0.0313437612126	-0.0049665111656	0.00970301212368	0.0471208283607	-0.0399860360035	-0.00921178047	0.0582085973226	-0.0920098644927	-0.0198962780428	0.0522661324477	-0.0358856453396	-0.018999782177	0.0179829588081	0.0984311759346	-0.0162269237563	-0.0802723240734	-0.06448009396	0.0439961392159	0.090112244609	0.0134372411954	0.133242603461	0.0512015820241	-0.0217926010497	0.0297708040329	0.0693838987443	-0.0160544212157	-0.0518289800798	-0.0102326634642	0.0634186407968	0.00766689449825	0.0251250597548	0.0604438496505	-0.127196510343	-0.0571446646456	0.0285874441069	-0.127099936269
12	0.03224031888	0.0568931989195	-0.0524657259809	0.0287710697352	1.0	0.00673723059068	-0.0308950377034	-0.0426881438172	-0.0590238053282	0.102823164377	0.0259973524323	0.0539397440454	-0.0931727296587	-0.0127191023946	0.0813660230372	-0.0880058130056	0.0667624252001	-0.0716150699272	0.0626064832465	0.0809228885787	-0.00259363522723	0.0763769819618	-0.0937416433846	0.0128996341651	-0.103138412959	0.022373025179	-0.0207658923744	0.110996020484	0.0118855883246	-0.0206177676172	-0.0433434682876	-0.0238957966785	0.0210496380831	-0.0300161184255	-0.060003931993	-0.0370528697056	-0.00982580423868	-0.0565303640409	0.162066515892	0.0257060520741	0.102857217612	0.0260210418759	0.0506971545455	0.00782353974906	0.0285894809173	-0.00602916519437	-0.0944789120064	-0.0123868292005	-0.0825520653966	-0.0634024477881
13	-0.0259788292197	-0.0107222564662	-0.0543599344042	-0.0168890594574	0.00673723059068	1.0	-0.111538394144	0.0741426192917	0.0189663113025	-0.0340312974801	-0.0301805671207	0.103187452349	-0.00147341331021	0.052855396347	-0.0573128997158	0.00327643413221	-0.13249961681	0.0129953790927	-0.0295967237983	0.0682915219422	0.0817635468428	-0.0288777815118	0.00177520064495	0.0896018226881	0.0425466428392	-0.0766797815419	0.111865221159	-0.0869833221002	0.0120834698447	-0.01123474033	-0.028813479772	0.220261093936	-0.0733056077088	0.0428929325518	-0.0917858675816	0.0510828287914	-0.124941850956	0.101592210748	-0.0457447417255	0.0461154448871	0.0630178387658	-0.0485986857774	0.00112871056408	-0.0366142712155	0.016108024162	0.0172000258764	0.00771207223542	-0.0319571822042	-0.0459777470107	-0.0783686082499
14	-0.0908210761536	-0.00808646026735	-0.103178660385	0.134539707363	-0.0308950377034	-0.111538394144	1.0	-0.0525470509407	0.0451743319511	-0.0894575893019	0.0193781845019	-0.0044438978482	0.0538863089339	-0.0175229950844	-0.00772316855459	-0.00422766468883	-0.0230619269379	0.0501467169493	0.113067915476	-0.0558507429776	0.0138822810912	-0.0317005467311	-0.0586827468052	0.0810748137798	0.0390627708368	-0.0450270006283	0.0122309830197	0.031264461648	0.0144567788191	-0.000869327839214	-0.0405468439035	-0.0193237380523	0.0394405062381	0.059228068665	0.0310696379407	-0.107793258566	-0.154891902429	0.0533330231341	0.0279979007519	0.0855120827183	-0.0327699521321	0.0573363128319	-0.0644847106537	-0.0407504412674	0.0498060968083	-0.000213398573323	-0.0080782191996	0.0105657337183	0.0572370630665	-0.118279412237
15	0.0618069249905	-0.029211476031	-0.118154185827	0.00722350204222	-0.0426881438172	0.0741426192917	-0.0525470509407	1.0	-0.0249635598002	-0.00370230383718	0.0445333783662	0.0379654810088	0.0383340175799	0.110865726599	-0.00725630211054	-0.0250749851813	-0.00445093662367	0.00361420428907	0.00461456651227	-0.0271793858422	0.00479877719447	-0.0737556190967	0.0456629827167	-0.0360105471849	0.105526018345	-0.00521199750353	0.0814553742072	-0.0561615169173	0.0199245534506	-0.0392788542126	-0.0146708788755	-0.0339317709397	-0.00271223692341	0.0114782042772	-0.000457461655898	0.0790737909568	0.0318411675026	-0.0658487374624	-0.00508671808894	0.020016946462	-0.00777431923558	-0.0208707707183	0.053127858451	-0.0314367730673	0.0014701232604	0.0120111711917	0.00700525172925	-0.0504845656677	-0.0791010481232	0.0184646402799
16	-0.0198660867264	0.0145903317734	0.0291654505641	0.0068875102421	-0.0590238053282	0.0189663113025	0.0451743319511	-0.0249635598002	1.0	0.0422196259796	0.0262299777146	0.119143375586	0.0289487756603	0.0544685022894	0.0361896715756	0.0233972045732	0.00107501592525	0.0266748904107	0.0541927397419	-0.0217833047858	0.0066491637536	0.0571467403671	-0.00961818794859	-0.0584923543345	-0.0451807022536	-0.00647381304683	-0.0930486622995	-0.0191652871136	0.036460321562	-0.0422647405468	-0.0594086977863	-0.0614640229411	0.0817226497941	-0.00906597201782	-0.0530725096824	-0.120230848135	-0.0459179115194	-0.0775655957276	0.0434477791761	0.035023286044	0.0734565671675	-0.0661204621538	0.00937969148042	-0.0834337460793	0.0267454120684	-0.0322026073304	-0.0848134151877	0.111832978209	0.00262886173934	0.0630325852105
17	0.0465910279104	0.00550708082351	-0.0258172375508	-0.0967631672273	0.102823164377	-0.0340312974801	-0.0894575893019	-0.00370230383718	0.0422196259796	1.0	-0.0385157247704	-0.0159119889686	0.0460088076403	0.0113139976605	0.0588657472247	-0.0318723659562	-0.0737590616524	0.0263009675471	-0.0910365055892	0.0237299657975	-0.016496359663	0.0870858926657	-0.0295468208714	0.186256452319	-0.0354310747425	0.00641036892955	-0.046144637749	-0.0352704258612	0.0467112737121	0.0768531674477	0.0699328446607	-0.0160848107067	-0.0675980331164	-0.0337628398064	-0.0613503736265	-0.00787187664305	-0.002145317817	0.00907621749306	0.00632074728495	-0.0579414786379	0.0328221708248	0.0401212628002	-0.0242763200472	0.011245983254	-0.0040121475328	-0.0508191892564	0.0222654124345	0.0238828535772	-0.00733483937795	0.02724240754
18	0.0671093723468	0.00325637190205	-0.0813518240006	-0.0626518896237	0.0259973524323	-0.0301805671207	0.0193781845019	0.0445333783662	0.0262299777146	-0.0385157247704	1.0	-0.0552793119314	0.00952149502514	-0.118677935468	0.0690764168091	0.0194255173638	-0.0211380072916	-0.128184213071	0.0465981804162	-0.0816423420347	0.0786395773981	0.0127191920138	0.0365236185989	-0.0106772920096	0.0231323944936	0.0445994555784	-0.0802333043647	-0.0261011456056	0.0120670664447	0.0081344782428	0.0919598296678	-0.0702655756061	0.00889916976508	0.0543487786113	0.0167571615993	-0.0369480450776	-0.0139256030859	0.0114854635685	0.0288010283	0.0834230083789	0.00626485176632	-0.0275942159156	0.00733661613487	0.0945576217577	-0.136944290662	-0.00941929626582	0.0539540125864	-0.028491340552	0.0554571592206	-0.0462275054429
19	0.00677566797791	0.000871799060261	-0.0991893291224	0.0202642443185	0.0539397440454	0.103187452349	-0.0044438978482	0.0379654810088	0.119143375586	-0.0159119889686	-0.0552793119314	1.0	-0.00660500701356	-0.00458450808711	-0.0423737135307	-0.0355739444848	0.00308055495628	-0.111349379015	0.0138144528105	0.0592500946824	-0.0963833863302	0.199085230172	0.0254386092534	-0.0436620060931	-6.22628497317e-06	-0.0265694432929	-0.0254064355149	-0.0433178706049	0.0454727417356	-0.0508544712308	-0.11142502563	-0.0395765731058	-0.068296245896	-0.0573174881219	0.0159081375865	0.0112501176513	0.0279155959122	0.0087744382083	-0.0133550273171	0.0108507801225	0.116574364659	-0.0590970936328	0.00237002982679	0.0203879093333	-0.0350964144294	0.0708850483452	0.0193028052205	0.0424123552938	-0.0312501077508	0.130115932132
2	-0.0378327576302	0.101127651025	0.0141097905534	-0.0887501239212	-0.0931727296587	-0.00147341331021	0.0538863089339	0.0383340175799	0.0289487756603	0.0460088076403	0.00952149502514	-0.00660500701356	1.0	0.0443038340361	0.0536123885058	0.0235449924721	-0.0812411911326	0.0269780931799	-0.0182117036405	-0.0266956565264	0.0192175593884	-0.0555949640427	0.0547064679209	0.0512571577517	0.0632949359345	-0.00467752778313	0.0115269817667	-0.0363485891253	0.0235357145911	-0.0628125723898	0.0271473437685	0.0474053505486	0.000225245526102	-0.0656406787165	-0.0389268335467	-0.00610711108578	-0.0484964863995	0.0322886753072	-0.0606780900022	0.00461741637655	-0.0347947638933	0.047294220461	-0.0425173407016	-0.0304764935399	0.0326626044043	0.000380655349455	0.0324755624457	-0.0617229360354	0.0419584317414	0.0211570228639
20	0.00169333602195	0.0229931138767	0.0335127472767	0.0178043169185	-0.0127191023946	0.052855396347	-0.0175229950844	0.110865726599	0.0544685022894	0.0113139976605	-0.118677935468	-0.00458450808711	0.0443038340361	1.0	-0.0467309311705	-0.030898805573	-0.0233796314365	0.0017148370907	-0.0414500213325	-0.0101468607225	-0.0919884018339	0.059343078199	-0.0226170327035	-0.00456957593863	-0.00597583861254	-0.0316907422536	0.12083323943	0.0497670817348	-0.0444580457498	0.120729329439	0.0347770143448	-0.011076312862	0.0154760531555	-0.00487569158139	-0.0266491034098	-0.0615889285175	0.0352277560012	-0.029010044152	0.00441386894016	-0.00188172759823	0.0280935930239	-0.104418676852	-0.0470266319069	0.0257315637774	0.0196956744806	-0.0585787572427	-0.0019483550089	0.00956834293998	0.00210325950597	-0.0207111546261
21	-0.0664318321377	0.0351849154972	0.0151463768912	0.0313437612126	0.0813660230372	-0.0573128997158	-0.00772316855459	-0.00725630211054	0.0361896715756	0.0588657472247	0.0690764168091	-0.0423737135307	0.0536123885058	-0.0467309311705	1.0	0.0382673320088	0.0211480242592	-0.0492571563315	0.063422456345	0.064567530792	0.00391329950455	-0.0300224141551	0.0714895909365	-0.0488081295754	-0.00964790490364	0.0655021879074	-0.0717769259254	-0.0117927251349	-0.00567657045019	-0.0622757542296	0.0438947765695	0.0293276931351	-0.0669525865714	-0.0502694679085	-0.0470938680846	-0.0740206477551	-0.00834446416967	-0.0405377077753	0.0587932490625	0.0413656165993	-0.033564912805	-0.037410050156	-0.057736368546	-0.107606280122	0.0428891006462	0.0148122753298	-0.0815859744291	-0.0881122132953	0.164752145433	-0.00599176289597
22	0.0522378241738	0.00787895825121	0.0695486564805	-0.0049665111656	-0.0880058130056	0.00327643413221	-0.00422766468883	-0.0250749851813	0.0233972045732	-0.0318723659562	0.0194255173638	-0.0355739444848	0.0235449924721	-0.030898805573	0.0382673320088	1.0	0.0512937852254	0.0518417272273	-0.0168438490334	-0.0431088540642	0.0594366654626	0.0147327467481	0.0148992285794	-0.0578229128486	-0.0120671289109	-0.0685038736808	0.00793447028125	-0.022321575813	-0.0251386228312	0.0185580983655	0.0755192601591	-0.0637270100763	-0.0183116296151	0.0524869174083	-0.0420223435318	0.015593392286	-0.0281384365213	-0.00318515897738	-0.00476882947903	-0.0873483654639	0.125746392454	0.0583782272301	-0.0142985271867	-0.0489939494204	-0.026457675946	0.0722031722104	-0.0193392504391	0.00475093143902	0.0146953865366	-0.0076318332022
23	0.010586950325	-0.0314600416516	-0.0500840114177	0.00970301212368	0.0667624252001	-0.13249961681	-0.0230619269379	-0.00445093662367	0.00107501592525	-0.0737590616524	-0.0211380072916	0.00308055495628	-0.0812411911326	-0.0233796314365	0.0211480242592	0.0512937852254	1.0	-0.0292298463519	-0.0244259740231	0.12902018047	-0.0102725255309	-0.0987085760826	-0.0349093224816	-0.0840367659092	-0.0303463998529	0.0197151601575	0.100589700129	0.168390253624	0.0125904116182	-0.0267541783643	-0.0212368066264	-0.0578119668515	0.11790423105	-0.00320687167386	0.0532580044965	0.00275973165378	-0.0346214274488	0.0486264945978	0.062955635441	-0.0136115603192	-0.00910791021977	-0.0221696661413	0.0193382161642	0.00779404870558	0.0139214900369	0.0582836635477	-0.0428413338422	-0.0142501522855	-0.159751958815	0.0510121236991
24	-0.0737871903409	-0.055233143726	0.000140282846433	0.0471208283607	-0.0716150699272	0.0129953790927	0.0501467169493	0.00361420428907	0.0266748904107	0.0263009675471	-0.128184213071	-0.111349379015	0.0269780931799	0.0017148370907	-0.0492571563315	0.0518417272273	-0.0292298463519	1.0	0.0336015561975	-0.0223107870316	0.0164386217376	-0.02047611873	-0.0470123135512	0.0698251906236	0.0587981640318	0.0473827178079	-0.0451401726474	0.0301159648078	-0.0656205967774	0.0731165243463	0.104839590525	-0.0185838633568	0.074039080642	0.0887230233801	0.0752754428068	-0.0197717338897	-0.0422750943916	-0.057794727282	-0.0561259139922	-0.115136432888	0.0242991075006	0.2626001135	-0.120395631049	0.0559323705548	-0.0375314633846	-0.073726752677	0.0183216251947	0.0907923159416	0.0533319075545	0.00710389253838
25	-0.00306205156891	-0.108363154225	-0.0953372789776	-0.0399860360035	0.0626064832465	-0.0295967237983	0.113067915476	0.00461456651227	0.0541927397419	-0.0910365055892	0.0465981804162	0.0138144528105	-0.0182117036405	-0.0414500213325	0.063422456345	-0.0168438490334	-0.0244259740231	0.0336015561975	1.0	-0.00565094238989	0.135904144895	0.0125360057483	-0.0604747133627	0.0284175453977	0.121423565803	0.0151739532065	-0.113232502223	-0.036914192089	0.0864088761087	-0.050202322944	-0.035651849854	-0.0523373177331	0.0249828648814	-0.00148114719763	0.0474522117423	-0.0435002120421	0.00936159685534	-0.00628195517065	0.0503023246621	-0.0852738191046	-0.0182159489095	0.0530908283816	-0.0444610996017	0.0954926295561	0.0363480219253	-0.0715503965934	-0.0662208206395	-0.0462510124547	0.102190820992	-0.0476472132763
26	-0.015382624228	0.0308979027164	0.0954315808705	-0.00921178047	0.0809228885787	0.0682915219422	-0.0558507429776	-0.0271793858422	-0.0217833047858	0.0237299657975	-0.0816423420347	0.0592500946824	-0.0266956565264	-0.0101468607225	0.064567530792	-0.0431088540642	0.12902018047	-0.0223107870316	-0.00565094238989	1.0	-0.0676732288111	-0.0530407617551	0.0661540208408	-0.0470359500344	0.02193391467	-0.000318689666139	-0.0394991618998	0.0268890845019	0.0336776440316	-0.0927119226563	-0.0128445309359	0.0656404561324	0.00877121183135	-0.187730003099	0.0522199515065	0.0653927257242	-0.00810394123985	-0.0834235246718	-0.0651471399618	0.0695100556942	-0.0267575299944	-0.0824758732089	0.031260175887	-0.0122462055878	-0.0521809179933	0.0703042025673	-0.0204090846271	0.00955147991326	0.00715015080108	0.00712828663834
27	-0.0751670061625	0.0981177393951	-0.0340855827508	0.0582085973226	-0.00259363522723	0.0817635468428	0.0138822810912	0.00479877719447	0.0066491637536	-0.016496359663	0.0786395773981	-0.0963833863302	0.0192175593884	-0.0919884018339	0.00391329950455	0.0594366654626	-0.0102725255309	0.0164386217376	0.135904144895	-0.0676732288111	1.0	-0.01780629122	-0.00819276773321	0.10863006489	0.0891622168374	-0.0600048586462	0.0202670254696	-0.00271413337867	-0.0536242168513	-0.0345559775362	-0.0165852925464	0.0250427595775	0.0313889862134	-0.0393317218695	-0.0180401483698	0.00835853998938	-0.102828752426	0.0263449058436	-0.0967744484093	-0.0591079439711	0.032483327489	-0.00755200505914	-0.0928995050881	0.034259998857	-0.0205417339929	-0.0465654078541	0.121870412186	-0.10046622185	0.0726827625251	-0.0463633112465
28	-0.0440939544185	0.0328037558652	-0.0557388937896	-0.0920098644927	0.0763769819618	-0.0288777815118	-0.0317005467311	-0.0737556190967	0.0571467403671	0.0870858926657	0.0127191920138	0.199085230172	-0.0555949640427	0.059343078199	-0.0300224141551	0.0147327467481	-0.0987085760826	-0.02047611873	0.0125360057483	-0.0530407617551	-0.01780629122	1.0	0.0541026245185	0.0956173080727	-0.00194885103725	0.0284642943806	-0.0246680795292	-0.0872258448639	-0.103133791643	-0.0420425586563	-0.0254498183979	-0.0305847592848	-0.0668230411569	0.0209986287285	-0.115064733044	-0.0562419628598	0.123865903644	-0.0104892564155	0.0661252933858	0.0498407264507	0.127844091575	0.0365405803646	0.0681148441393	0.0679271047248	-0.122567302114	-0.0101626230639	-0.0127657634613	-0.0324430255581	0.0800729132938	0.0387465660451
29	-0.0969098748331	0.115402723479	0.018658066148	-0.0198962780428	-0.0937416433846	0.00177520064495	-0.0586827468052	0.0456629827167	-0.00961818794859	-0.0295468208714	0.0365236185989	0.0254386092534	0.0547064679209	-0.0226170327035	0.0714895909365	0.0148992285794	-0.0349093224816	-0.0470123135512	-0.0604747133627	0.0661540208408	-0.00819276773321	0.0541026245185	1.0	-0.0527820819297	-0.0220082735322	0.0792354198802	-0.0186598876833	-0.0209279893819	0.0314266553092	-0.0784866038447	0.0507728065662	-0.00793904997987	-0.0415370556082	0.0693331645963	-0.0510240820593	0.0103282318537	0.0147853295802	0.0336155299578	0.00514111514342	0.0123826409774	0.0828522559693	0.013439156456	0.0190564623588	-0.0376652693733	-0.0475935226154	-0.0529436117339	0.0314077527857	-0.0420573741702	0.199966857867	0.0146878871426
3	-0.0128630228412	-0.156969569544	-0.064749143108	0.0522661324477	0.0128996341651	0.0896018226881	0.0810748137798	-0.0360105471849	-0.0584923543345	0.186256452319	-0.0106772920096	-0.0436620060931	0.0512571577517	-0.00456957593863	-0.0488081295754	-0.0578229128486	-0.0840367659092	0.0698251906236	0.0284175453977	-0.0470359500344	0.10863006489	0.0956173080727	-0.0527820819297	1.0	0.151261537346	-0.0956787022239	0.0787168648092	-0.0222716847499	-0.0463650176282	0.0383303248607	-0.0253087787665	-0.0351372147199	-0.00552759564604	0.0040768141181	0.0320055562124	0.0123514287853	-0.00899850426433	0.0856991295405	-0.151841569977	0.0877948960962	-0.045630240675	-0.0536068796574	0.00360092165378	-0.0477413809133	-0.0324815629766	0.050901286632	0.164660253459	0.0367379696574	-0.0126294086433	-0.0970180663801
30	-0.000166715308394	-0.0360084662861	-0.0298375628788	-0.0358856453396	-0.103138412959	0.0425466428392	0.0390627708368	0.105526018345	-0.0451807022536	-0.0354310747425	0.0231323944936	-6.22628497317e-06	0.0632949359345	-0.00597583861254	-0.00964790490364	-0.0120671289109	-0.0303463998529	0.0587981640318	0.121423565803	0.02193391467	0.0891622168374	-0.00194885103725	-0.0220082735322	0.151261537346	1.0	-0.0637033390456	0.0968295800016	-0.0606564051866	0.0649144145245	0.037102874695	-0.0186157052108	-0.0463892182098	-0.0515258935314	-0.00661439083199	0.0313372596245	0.0142067024203	-0.00541531185211	0.119318745687	-0.107134657235	-0.105436944934	0.0159712864101	-0.082339736625	-0.134900211531	-0.0172153946227	0.00849169380875	-0.000979059966898	0.0376352507662	-0.00970032038709	-0.110474501814	0.0362645788266
31	-0.0420408629426	-7.87696515496e-05	0.0329689617583	-0.018999782177	0.022373025179	-0.0766797815419	-0.0450270006283	-0.00521199750353	-0.00647381304683	0.00641036892955	0.0445994555784	-0.0265694432929	-0.00467752778313	-0.0316907422536	0.0655021879074	-0.0685038736808	0.0197151601575	0.0473827178079	0.0151739532065	-0.000318689666139	-0.0600048586462	0.0284642943806	0.0792354198802	-0.0956787022239	-0.0637033390456	1.0	-0.00730795127065	-0.000824315526152	0.0750551007536	0.0415039360783	0.0151422037976	-0.0262827554477	-0.0370109848373	-0.0102836887255	0.0206772611424	-0.0530951755417	0.0680813068703	-0.0247681576491	0.0707883710298	-0.056280314839	0.0165732332674	0.0510269636384	0.0635149121645	-0.0197054767245	-0.0335679825735	-0.027694583834	-0.00906017572055	0.0524281064826	0.0296997389288	0.0984577600984
32	-0.0425036744239	-0.074010198569	0.0613664214184	0.0179829588081	-0.0207658923744	0.111865221159	0.0122309830197	0.0814553742072	-0.0930486622995	-0.046144637749	-0.0802333043647	-0.0254064355149	0.0115269817667	0.12083323943	-0.0717769259254	0.00793447028125	0.100589700129	-0.0451401726474	-0.113232502223	-0.0394991618998	0.0202670254696	-0.0246680795292	-0.0186598876833	0.0787168648092	0.0968295800016	-0.00730795127065	1.0	-0.0683522375108	-0.0647815747174	0.0475926459632	-0.0657019401779	-0.0536920186213	0.106518422315	0.141081313332	0.0165142201427	0.0446467547492	-0.0374167889734	0.0648921331691	-0.0670638401736	0.0131526279896	-0.0132670384072	-0.0612723402119	0.085984215643	-0.0345732975146	0.0296125645861	0.107746590486	0.0140062002516	-0.00601053824823	-0.13350544431	0.081048604709
33	-0.0012236790118	0.105155414085	-0.01891963988	0.0984311759346	0.110996020484	-0.0869833221002	0.031264461648	-0.0561615169173	-0.0191652871136	-0.0352704258612	-0.0261011456056	-0.0433178706049	-0.0363485891253	0.0497670817348	-0.0117927251349	-0.022321575813	0.168390253624	0.0301159648078	-0.036914192089	0.0268890845019	-0.00271413337867	-0.0872258448639	-0.0209279893819	-0.0222716847499	-0.0606564051866	-0.000824315526152	-0.0683522375108	1.0	-0.0485006511683	0.0296950277549	0.0226262674562	0.0921928080941	0.0460432035294	0.0150346103555	0.0700718655192	-0.0838752470374	0.0410296691356	0.121078643033	-0.0123177923838	-0.06303491712	-0.0743372027577	0.01359938313	0.0188036100271	0.213990682012	0.138325259167	-0.0454121437072	0.018466120585	-0.0336948091913	-0.0675547743218	-0.0575059373248
34	0.0642525130677	0.0296392592493	-0.0209717312649	-0.0162269237563	0.0118855883246	0.0120834698447	0.0144567788191	0.0199245534506	0.036460321562	0.0467112737121	0.0120670664447	0.0454727417356	0.0235357145911	-0.0444580457498	-0.00567657045019	-0.0251386228312	0.0125904116182	-0.0656205967774	0.0864088761087	0.0336776440316	-0.0536242168513	-0.103133791643	0.0314266553092	-0.0463650176282	0.0649144145245	0.0750551007536	-0.0647815747174	-0.0485006511683	1.0	-0.119911803133	0.00143639847301	-0.0869927005083	0.0358388720343	-0.00812590563201	-0.0296926756046	-0.030140592224	-0.019835741351	-0.0816502049671	0.103760752816	-0.0186244172784	0.0187319953105	-0.00735933056221	0.00144243124306	0.03363929407	0.0805156712509	-0.11769836208	-0.039200252431	0.114343976729	-0.0188688474338	0.0804511221179
35	0.0994739199683	0.0446168354133	0.0921786241297	-0.0802723240734	-0.0206177676172	-0.01123474033	-0.000869327839214	-0.0392788542126	-0.0422647405468	0.0768531674477	0.0081344782428	-0.0508544712308	-0.0628125723898	0.120729329439	-0.0622757542296	0.0185580983655	-0.0267541783643	0.0731165243463	-0.050202322944	-0.0927119226563	-0.0345559775362	-0.0420425586563	-0.0784866038447	0.0383303248607	0.037102874695	0.0415039360783	0.0475926459632	0.0296950277549	-0.119911803133	1.0	-0.022372078815	0.0382441196003	-0.136990262013	0.00683721554264	-0.00343997716499	0.0250573011997	0.0470127365844	0.0288005060342	-0.0349023871333	0.0439745693285	-0.0824490352848	0.0145285776306	-0.0505338876404	0.0561799695027	-0.0135568911251	-0.077938253813	0.0672104401167	-0.0359194378205	-0.00348311894672	0.0412425459752
36	0.00628058717004	0.0849654760253	0.0924348193502	-0.06448009396	-0.0433434682876	-0.028813479772	-0.0405468439035	-0.0146708788755	-0.0594086977863	0.0699328446607	0.0919598296678	-0.11142502563	0.0271473437685	0.0347770143448	0.0438947765695	0.0755192601591	-0.0212368066264	0.104839590525	-0.035651849854	-0.0128445309359	-0.0165852925464	-0.0254498183979	0.0507728065662	-0.0253087787665	-0.0186157052108	0.0151422037976	-0.0657019401779	0.0226262674562	0.00143639847301	-0.022372078815	1.0	-0.00468650985765	-0.050291028371	0.0344313615289	-0.0293879532376	0.071484212958	-0.0901781594373	0.00195515372971	-0.0218538841638	0.0177684525456	0.0143331472086	0.0431348136232	0.00228557291121	0.182783078096	-0.028495675615	-0.0596383945518	-0.0353235702276	0.0479340755864	0.0245556191171	-0.0038616090185
37	0.116391646155	0.0237017510796	0.158949142519	0.0439961392159	-0.0238957966785	0.220261093936	-0.0193237380523	-0.0339317709397	-0.0614640229411	-0.0160848107067	-0.0702655756061	-0.0395765731058	0.0474053505486	-0.011076312862	0.0293276931351	-0.0637270100763	-0.0578119668515	-0.0185838633568	-0.0523373177331	0.0656404561324	0.0250427595775	-0.0305847592848	-0.00793904997987	-0.0351372147199	-0.0463892182098	-0.0262827554477	-0.0536920186213	0.0921928080941	-0.0869927005083	0.0382441196003	-0.00468650985765	1.0	-0.0892351134063	-0.0533913343576	-0.0258484576679	0.0242808444519	0.0816659619182	0.0693974094831	0.0197984654149	-0.017696436623	0.0418193865405	-0.0146138716562	0.0399771906991	-0.0533668707191	0.0488933117627	0.104593677985	-0.0525878555904	-0.109305346484	0.0281987118119	-0.0649171010361
38	-0.0523049457058	0.0502528267247	0.00884946705504	0.090112244609	0.0210496380831	-0.0733056077088	0.0394405062381	-0.00271223692341	0.0817226497941	-0.0675980331164	0.00889916976508	-0.068296245896	0.000225245526102	0.0154760531555	-0.0669525865714	-0.0183116296151	0.11790423105	0.074039080642	0.0249828648814	0.00877121183135	0.0313889862134	-0.0668230411569	-0.0415370556082	-0.00552759564604	-0.0515258935314	-0.0370109848373	0.106518422315	0.0460432035294	0.0358388720343	-0.136990262013	-0.050291028371	-0.0892351134063	1.0	0.00129481367021	-0.0141091856087	0.0877633038041	-0.0303422799702	-0.0383252615146	-0.0240350019224	0.00497119039935	-0.131871794031	0.0371169763771	0.0540139084435	0.118212694656	0.0415050644794	-0.00493865080477	0.0148949294666	0.0444609550349	-0.0302953943778	0.0737569762124
39	-0.0357351647377	-0.0360654584203	-0.0430100430559	0.0134372411954	-0.0300161184255	0.0428929325518	0.059228068665	0.0114782042772	-0.00906597201782	-0.0337628398064	0.0543487786113	-0.0573174881219	-0.0656406787165	-0.00487569158139	-0.0502694679085	0.0524869174083	-0.00320687167386	0.0887230233801	-0.00148114719763	-0.187730003099	-0.0393317218695	0.0209986287285	0.0693331645963	0.0040768141181	-0.00661439083199	-0.0102836887255	0.141081313332	0.0150346103555	-0.00812590563201	0.00683721554264	0.0344313615289	-0.0533913343576	0.00129481367021	1.0	-0.0368523681359	-0.0155801851862	-0.0433353778689	-0.0872548700027	0.0101577423399	0.0269913390684	-0.0693109269257	0.102529069102	0.0350660498291	0.00722356249105	0.0668459315319	-0.0649807885449	0.0242774616644	-0.0260541692058	0.00530245609307	0.0949291448236
4	-0.111841720429	-0.0421534090429	0.0370656464204	0.133242603461	-0.060003931993	-0.0917858675816	0.0310696379407	-0.000457461655898	-0.0530725096824	-0.0613503736265	0.0167571615993	0.0159081375865	-0.0389268335467	-0.0266491034098	-0.0470938680846	-0.0420223435318	0.0532580044965	0.0752754428068	0.0474522117423	0.0522199515065	-0.0180401483698	-0.115064733044	-0.0510240820593	0.0320055562124	0.0313372596245	0.0206772611424	0.0165142201427	0.0700718655192	-0.0296926756046	-0.00343997716499	-0.0293879532376	-0.0258484576679	-0.0141091856087	-0.0368523681359	1.0	0.0388498010978	0.0653634194546	0.0639619306836	0.0400839612113	-0.0823641077757	-0.0551307208831	0.0278973855079	0.0487211611087	0.100817824001	0.0589438226424	0.0465654035535	0.0801605176008	-0.0651936395132	-0.0869034226329	-0.00124610628712
40	-0.0380760288638	0.0336673610263	-0.0411307255304	0.0512015820241	-0.0370528697056	0.0510828287914	-0.107793258566	0.0790737909568	-0.120230848135	-0.00787187664305	-0.0369480450776	0.0112501176513	-0.00610711108578	-0.0615889285175	-0.0740206477551	0.015593392286	0.00275973165378	-0.0197717338897	-0.0435002120421	0.0653927257242	0.00835853998938	-0.0562419628598	0.0103282318537	0.0123514287853	0.0142067024203	-0.0530951755417	0.0446467547492	-0.0838752470374	-0.030140592224	0.0250573011997	0.071484212958	0.0242808444519	0.0877633038041	-0.0155801851862	0.0388498010978	1.0	0.0996649270112	-0.0137417010291	-0.0589554279166	0.105316712445	0.0051185841092	0.0506636157301	-0.0521067859311	-0.0260447615411	0.0329314723259	0.134223931173	0.0245636240745	0.025938429903	0.00413447321571	0.0134892308919
41	0.125369446158	-0.0243191986069	0.00468035365306	-0.0217926010497	-0.00982580423868	-0.124941850956	-0.154891902429	0.0318411675026	-0.0459179115194	-0.002145317817	-0.0139256030859	0.0279155959122	-0.0484964863995	0.0352277560012	-0.00834446416967	-0.0281384365213	-0.0346214274488	-0.0422750943916	0.00936159685534	-0.00810394123985	-0.102828752426	0.123865903644	0.0147853295802	-0.00899850426433	-0.00541531185211	0.0680813068703	-0.0374167889734	0.0410296691356	-0.019835741351	0.0470127365844	-0.0901781594373	0.0816659619182	-0.0303422799702	-0.0433353778689	0.0653634194546	0.0996649270112	1.0	-0.0736309356174	0.044805875798	0.0105743935785	0.0987860864385	0.0484210585498	0.0276045328934	-0.0802508001276	-0.0541515890379	0.0297760971379	-0.0728430027544	-0.00778874045426	0.130096609546	0.0262472054933
42	0.0517431792457	-0.0900082255817	0.0306541064477	0.0297708040329	-0.0565303640409	0.101592210748	0.0533330231341	-0.0658487374624	-0.0775655957276	0.00907621749306	0.0114854635685	0.0087744382083	0.0322886753072	-0.029010044152	-0.0405377077753	-0.00318515897738	0.0486264945978	-0.057794727282	-0.00628195517065	-0.0834235246718	0.0263449058436	-0.0104892564155	0.0336155299578	0.0856991295405	0.119318745687	-0.0247681576491	0.0648921331691	0.121078643033	-0.0816502049671	0.0288005060342	0.00195515372971	0.0693974094831	-0.0383252615146	-0.0872548700027	0.0639619306836	-0.0137417010291	-0.0736309356174	1.0	0.00265932247336	-0.0112871180596	-0.0236013869699	-0.0312484409204	0.0816193590651	-0.0157416871707	-0.0475631292357	0.0644747120525	0.0810672299086	-0.137386552637	0.000835683490275	-0.0358312480669
43	-0.129363861301	-0.0345449932199	-0.117159973404	0.0693838987443	0.162066515892	-0.0457447417255	0.0279979007519	-0.00508671808894	0.0434477791761	0.00632074728495	0.0288010283	-0.0133550273171	-0.0606780900022	0.00441386894016	0.0587932490625	-0.00476882947903	0.062955635441	-0.0561259139922	0.0503023246621	-0.0651471399618	-0.0967744484093	0.0661252933858	0.00514111514342	-0.151841569977	-0.107134657235	0.0707883710298	-0.0670638401736	-0.0123177923838	0.103760752816	-0.0349023871333	-0.0218538841638	0.0197984654149	-0.0240350019224	0.0101577423399	0.0400839612113	-0.0589554279166	0.044805875798	0.00265932247336	1.0	0.0327236458934	0.0724302194906	0.0113542019685	0.0815819869147	0.0156923377642	0.0204054163544	0.00989030313503	-0.115195751176	0.0472934301829	0.0115882408842	-0.0481762858038
44	0.0214164315936	0.0637374642852	-0.0507863365072	-0.0160544212157	0.0257060520741	0.0461154448871	0.0855120827183	0.020016946462	0.035023286044	-0.0579414786379	0.0834230083789	0.0108507801225	0.00461741637655	-0.00188172759823	0.0413656165993	-0.0873483654639	-0.0136115603192	-0.115136432888	-0.0852738191046	0.0695100556942	-0.0591079439711	0.0498407264507	0.0123826409774	0.0877948960962	-0.105436944934	-0.056280314839	0.0131526279896	-0.06303491712	-0.0186244172784	0.0439745693285	0.0177684525456	-0.017696436623	0.00497119039935	0.0269913390684	-0.0823641077757	0.105316712445	0.0105743935785	-0.0112871180596	0.0327236458934	1.0	-0.093786512047	0.00620775160106	0.0414916452323	-0.0975509883155	-0.0203618635045	-0.0323500935379	-0.0480425092383	0.0767842337797	0.116477580072	-0.0432308214709
45	-0.0132464836876	-0.00600092956007	0.0639820180313	-0.0518289800798	0.102857217612	0.0630178387658	-0.0327699521321	-0.00777431923558	0.0734565671675	0.0328221708248	0.00626485176632	0.116574364659	-0.0347947638933	0.0280935930239	-0.033564912805	0.125746392454	-0.00910791021977	0.0242991075006	-0.0182159489095	-0.0267575299944	0.032483327489	0.127844091575	0.0828522559693	-0.045630240675	0.0159712864101	0.0165732332674	-0.0132670384072	-0.0743372027577	0.0187319953105	-0.0824490352848	0.0143331472086	0.0418193865405	-0.131871794031	-0.0693109269257	-0.0551307208831	0.0051185841092	0.0987860864385	-0.0236013869699	0.0724302194906	-0.093786512047	1.0	-0.00523192398983	-0.0466101289702	-0.0425287070756	-0.00914525960434	0.0279862244914	0.0291329222044	0.0408058292509	-0.137597087233	-0.125997850435
46	0.016129925773	-0.057936076022	-0.0763624511537	-0.0102326634642	0.0260210418759	-0.0485986857774	0.0573363128319	-0.0208707707183	-0.0661204621538	0.0401212628002	-0.0275942159156	-0.0590970936328	0.047294220461	-0.104418676852	-0.037410050156	0.0583782272301	-0.0221696661413	0.2626001135	0.0530908283816	-0.0824758732089	-0.00755200505914	0.0365405803646	0.013439156456	-0.0536068796574	-0.082339736625	0.0510269636384	-0.0612723402119	0.01359938313	-0.00735933056221	0.0145285776306	0.0431348136232	-0.0146138716562	0.0371169763771	0.102529069102	0.0278973855079	0.0506636157301	0.0484210585498	-0.0312484409204	0.0113542019685	0.00620775160106	-0.00523192398983	1.0	0.0218269882839	-0.0174670257409	0.0714659641912	-0.0694183993379	-0.032619525943	0.0559492758126	0.0601276702868	0.0839034781495
47	-0.086032541487	-0.148507590471	0.0195246495911	0.0634186407968	0.0506971545455	0.00112871056408	-0.0644847106537	0.053127858451	0.00937969148042	-0.0242763200472	0.00733661613487	0.00237002982679	-0.0425173407016	-0.0470266319069	-0.057736368546	-0.0142985271867	0.0193382161642	-0.120395631049	-0.0444610996017	0.031260175887	-0.0928995050881	0.0681148441393	0.0190564623588	0.00360092165378	-0.134900211531	0.0635149121645	0.085984215643	0.0188036100271	0.00144243124306	-0.0505338876404	0.00228557291121	0.0399771906991	0.0540139084435	0.0350660498291	0.0487211611087	-0.0521067859311	0.0276045328934	0.0816193590651	0.0815819869147	0.0414916452323	-0.0466101289702	0.0218269882839	1.0	0.00876924209928	0.00539826702676	0.0791560099394	-0.0264961477987	-0.0894508232839	0.0402687311543	-0.0207206120034
48	-0.000523806563232	0.116725040223	-0.0796883030926	0.00766689449825	0.00782353974906	-0.0366142712155	-0.0407504412674	-0.0314367730673	-0.0834337460793	0.011245983254	0.0945576217577	0.0203879093333	-0.0304764935399	0.0257315637774	-0.107606280122	-0.0489939494204	0.00779404870558	0.0559323705548	0.0954926295561	-0.0122462055878	0.034259998857	0.0679271047248	-0.0376652693733	-0.0477413809133	-0.0172153946227	-0.0197054767245	-0.0345732975146	0.213990682012	0.03363929407	0.0561799695027	0.182783078096	-0.0533668707191	0.118212694656	0.00722356249105	0.100817824001	-0.0260447615411	-0.0802508001276	-0.0157416871707	0.0156923377642	-0.0975509883155	-0.0425287070756	-0.0174670257409	0.00876924209928	1.0	-0.00439260733727	-0.102109003324	0.0284286476008	0.0573352926833	0.0301534434552	-0.0417128633566
49	0.0601494088853	0.0324252141363	0.033136950207	0.0251250597548	0.0285894809173	0.016108024162	0.0498060968083	0.0014701232604	0.0267454120684	-0.0040121475328	-0.136944290662	-0.0350964144294	0.0326626044043	0.0196956744806	0.0428891006462	-0.026457675946	0.0139214900369	-0.0375314633846	0.0363480219253	-0.0521809179933	-0.0205417339929	-0.122567302114	-0.0475935226154	-0.0324815629766	0.00849169380875	-0.0335679825735	0.0296125645861	0.138325259167	0.0805156712509	-0.0135568911251	-0.028495675615	0.0488933117627	0.0415050644794	0.0668459315319	0.0589438226424	0.0329314723259	-0.0541515890379	-0.0475631292357	0.0204054163544	-0.0203618635045	-0.00914525960434	0.0714659641912	0.00539826702675	-0.00439260733727	1.0	-0.0468398001816	-0.0441065518593	-0.112767091833	-0.0768142139527	-0.0415195375336
5	0.0520533087826	-0.0824946756045	0.0386674380547	0.0604438496505	-0.00602916519437	0.0172000258764	-0.000213398573323	0.0120111711917	-0.0322026073304	-0.0508191892564	-0.00941929626582	0.0708850483452	0.000380655349455	-0.0585787572427	0.0148122753298	0.0722031722104	0.0582836635477	-0.073726752677	-0.0715503965934	0.0703042025673	-0.0465654078541	-0.0101626230639	-0.0529436117339	0.050901286632	-0.000979059966898	-0.027694583834	0.107746590486	-0.0454121437072	-0.11769836208	-0.077938253813	-0.0596383945518	0.104593677985	-0.00493865080477	-0.0649807885449	0.0465654035535	0.134223931173	0.0297760971379	0.0644747120525	0.00989030313503	-0.0323500935379	0.0279862244914	-0.0694183993379	0.0791560099394	-0.102109003324	-0.0468398001816	1.0	0.134384708932	0.0755685089201	-0.0813323696199	-0.0658783131906
6	0.0353501377973	-0.00731370884043	0.0354961354111	-0.127196510343	-0.0944789120064	0.00771207223542	-0.0080782191996	0.00700525172925	-0.0848134151877	0.0222654124345	0.0539540125864	0.0193028052205	0.0324755624457	-0.0019483550089	-0.0815859744291	-0.0193392504391	-0.0428413338422	0.0183216251947	-0.0662208206395	-0.0204090846271	0.121870412186	-0.0127657634613	0.0314077527857	0.164660253459	0.0376352507662	-0.00906017572055	0.0140062002516	0.018466120585	-0.039200252431	0.0672104401167	-0.0353235702276	-0.0525878555904	0.0148949294666	0.0242774616644	0.0801605176008	0.0245636240745	-0.0728430027544	0.0810672299086	-0.115195751176	-0.0480425092383	0.0291329222044	-0.032619525943	-0.0264961477987	0.0284286476008	-0.0441065518593	0.134384708932	1.0	0.0570140961858	-0.103585127524	-0.0178179601219
7	0.0843389049456	-0.0118654904839	0.0501596697543	-0.0571446646456	-0.0123868292005	-0.0319571822042	0.0105657337183	-0.0504845656677	0.111832978209	0.0238828535772	-0.028491340552	0.0424123552938	-0.0617229360354	0.00956834293998	-0.0881122132953	0.00475093143902	-0.0142501522855	0.0907923159416	-0.0462510124547	0.00955147991326	-0.10046622185	-0.0324430255581	-0.0420573741702	0.0367379696574	-0.00970032038709	0.0524281064826	-0.00601053824823	-0.0336948091913	0.114343976729	-0.0359194378205	0.0479340755864	-0.109305346484	0.0444609550349	-0.0260541692058	-0.0651936395132	0.025938429903	-0.00778874045426	-0.137386552637	0.0472934301829	0.0767842337797	0.0408058292509	0.0559492758126	-0.0894508232839	0.0573352926833	-0.112767091833	0.0755685089201	0.0570140961858	1.0	-0.0536440709421	0.0070477435539
8	-0.0148620958998	-0.0387743724356	-0.0129418609375	0.0285874441069	-0.0825520653966	-0.0459777470107	0.0572370630665	-0.0791010481232	0.00262886173934	-0.00733483937795	0.0554571592206	-0.0312501077508	0.0419584317414	0.00210325950597	0.164752145433	0.0146953865366	-0.159751958815	0.0533319075545	0.102190820992	0.00715015080108	0.0726827625251	0.0800729132938	0.199966857867	-0.0126294086433	-0.110474501814	0.0296997389288	-0.13350544431	-0.0675547743218	-0.0188688474338	-0.00348311894672	0.0245556191171	0.0281987118119	-0.0302953943778	0.00530245609307	-0.0869034226329	0.00413447321571	0.130096609546	0.000835683490275	0.0115882408842	0.116477580072	-0.137597087233	0.0601276702868	0.0402687311543	0.0301534434552	-0.0768142139527	-0.0813323696199	-0.103585127524	-0.0536440709421	1.0	0.0471514174526
