OTU_id	0	1	10	11	12	13	14	15	16	17	18	19	2	20	21	22	23	24	25	26	27	28	29	3	30	31	32	33	34	35	36	37	38	39	4	40	41	42	43	44	45	46	47	48	49	5	6	7	8	9
0	1.0	-0.0425019615077	0.0758959234389	-0.0211272137378	-0.13145627899	-0.0571266218131	0.0513903525593	0.0115707126691	0.0221084980667	0.0793929778867	-0.0784755725428	0.024346112984	0.0412859224204	-0.0111942525951	0.0413546915645	-0.0354307904333	-0.114450766223	-0.070350947438	0.028648687969	0.144985621254	-0.0647700570523	0.0179736637	-0.0229866399878	0.0498042189881	0.0940325011872	-0.00141365103053	0.0202644754965	-0.00452655284228	-0.00542124801117	0.0932510952763	0.00409182820104	0.049559289527	0.0691192114513	0.0381036332634	-0.0147494968197	0.0126179208031	-0.114172290692	-0.230631147477	0.101595026078	0.0327454705226	0.0229854963911	0.0733982352322	0.0202938745269	-0.00173729429325	-0.0378412190834	-0.0740039444249	-0.0861592634556	-0.0882208358713	0.0713043103872	-0.109680432099
1	-0.0425019615077	1.0	0.0787734744476	-0.11378830651	0.0151355339803	-0.0412562493555	0.127478228457	-0.000242775199455	0.0444463503866	0.0490799943269	0.0769252310787	0.0881965805743	0.0133769610918	-0.0607919300939	0.0114572112238	0.000906057609086	0.0175790466164	-0.000651941559421	0.0202468148498	0.00835236212596	0.00229091472501	-0.0210049167203	-0.00530616573505	0.0690052868745	0.00859421455046	0.0099995149499	0.0751554717953	0.00602900125691	0.0212580201586	-0.0457901013035	0.000456403333274	-0.0440595620593	-0.0223215454868	-0.127178739867	0.0204934180238	0.0100827322896	0.014967949397	0.026874441482	0.0255689130291	-0.00288873554663	0.0119689595495	-0.0394337780925	-0.0344150371291	-0.0421661901875	-0.0670018468327	-0.124652671744	0.0136591304998	0.0512479581048	-0.0545780705084	-0.0661938609504
10	0.0758959234389	0.0787734744476	1.0	0.0341116319504	-0.0856183197245	-0.0385796587565	0.0956532054904	-0.0736861294803	-0.00881538483688	-0.070903148371	-0.0270309554383	-0.0543154671052	-0.0450875813119	0.0572852756417	0.0089355394588	0.000525308111758	-0.0538345922701	0.0687846024505	-0.0397596581839	0.0434465495847	-0.0373988738376	-0.0215407882845	-0.0391162093812	0.0336400508697	-0.165552497419	-0.0287601529101	0.0418027740759	-0.0337528587206	-0.0978567435654	-0.00485020124065	0.166901264139	0.0632294061283	0.0516654734899	-0.111868017958	-0.0116230644902	-0.0110243856133	0.161854161181	-0.108886246974	-0.0959592426639	-0.0427584926237	0.05931501927	0.0129518802552	0.0120502790826	0.0936075986637	0.00876410652923	-0.0241070109114	0.0413461722435	-0.141202468526	0.154340336075	0.0661434660901
11	-0.0211272137378	-0.11378830651	0.0341116319504	1.0	-0.00484756932306	0.00323299991044	0.0037283668594	-0.0352409719301	-0.0482204251818	-0.100763958152	0.0145829376478	0.0188809885811	-0.0556814934417	0.0661757107486	-0.00373487741445	0.00331337732987	-0.0486358382406	0.10784186042	-0.0572762059963	-0.0274129024421	0.0481103210254	-0.0954164809496	0.0324377901348	0.0239118167267	0.00768533415122	0.000523577323122	-0.0464007191798	-0.131852797394	-0.0674647395532	-0.0586353533063	0.101117013337	0.0862893035189	-0.0218404065943	0.00608556709472	-0.00818602639489	0.0468222327646	-0.037869290645	0.0594044085834	-0.00207211747176	0.0535761073651	0.026075285208	0.00903280884267	-0.0339996778627	0.0842356018323	0.127272695269	-0.00768091538628	-0.00766930706332	-0.0092680863764	-0.0220246198622	0.0198051640305
12	-0.13145627899	0.0151355339803	-0.0856183197245	-0.00484756932306	1.0	-0.0635677252936	-0.0877469883605	-0.0218850081728	-0.0739344211778	-0.0336529492909	0.094168962038	0.12608685586	0.0520250369856	0.0368305685032	-0.0461672187428	-0.0298257582214	0.0235147070135	0.0518821640588	0.0642207845457	-0.0421648037927	0.0439272892113	0.0249985757274	0.0427158225887	0.0533524840664	-0.01085998003	0.00766981452372	-0.00859517419901	0.0616909985456	0.0372381409226	0.0073756577793	0.00441379477773	-0.0457162456664	-0.0101598607496	0.0958659805377	-0.0711599270307	0.0794704416896	-0.00555789259824	-0.0458841418185	0.0889133257238	0.0411098745411	-0.0130275163459	0.0257363023067	0.0263759930576	-0.0821464699464	0.00644442815119	0.00497747400739	-0.0121509786507	-0.0812909321329	-0.0302387289901	0.00601762311016
13	-0.0571266218131	-0.0412562493555	-0.0385796587565	0.00323299991044	-0.0635677252936	1.0	-0.0479300629665	-0.0667165947775	-0.00626836979488	-0.000795921115262	0.0803074838223	-0.0160072288181	0.0959298473612	0.0297841218126	0.0210348830616	-0.0042633255612	-0.050644465154	-0.00777011619188	0.00727136046873	-0.0197761452902	-0.054724959537	-0.00717280217056	0.0570632004903	-0.0425239705578	0.0390397915393	-0.0108952622838	0.0610103765035	0.014284742696	-0.00864143678759	0.00934961727791	-0.00951133154296	0.0981972650487	0.0314683382258	0.100138596114	-0.00500319906897	0.0952696020722	-0.0432890695152	-0.0777370087309	-0.0999925264866	0.0491347357734	-0.0255080135653	0.0350244267128	0.0396449217311	-0.000253065430659	-0.0151725432294	-0.0286131763533	-0.0426108276516	0.111672756579	-0.0141725453068	-0.0420941413568
14	0.0513903525593	0.127478228457	0.0956532054904	0.0037283668594	-0.0877469883605	-0.0479300629665	1.0	-0.0814508531017	0.027772375672	0.118924504607	-0.0719103538348	-0.0431726602697	0.0543207116906	-0.00140299512111	0.0136894516041	-0.0108253823595	0.0289296542231	-0.0363366686836	-0.0543648851701	0.169343938678	-0.00212759102124	-0.0254324892666	-0.103337430042	0.0489631236934	-0.0801458809817	-0.0638243253927	-0.0979622071788	0.01271369588	0.0871070861957	0.00371346308847	0.0344544176091	-0.103299324075	0.0590968536969	-0.000222482464914	-0.0417657458977	-0.0236223255357	-0.0321437984582	0.0293828452782	0.0413092307327	-0.0350434912312	-0.0605028928082	-0.00378011045515	0.00176115512751	-0.0409602268824	0.0346972846414	0.0102935064882	0.00238927908836	0.080517937759	0.0630704499576	-0.00516900499945
15	0.0115707126691	-0.000242775199455	-0.0736861294803	-0.0352409719301	-0.0218850081728	-0.0667165947775	-0.0814508531017	1.0	-0.0189749429692	-0.0413536591399	-0.00701682521357	-0.0669639706094	0.0904447016108	-0.0260248836013	0.056146440232	0.105620048548	0.0185314836592	0.0510633347739	-0.00609849513814	-0.0686676746421	0.00555641628567	0.0453859884656	-0.0938301081848	0.0351747956871	0.0348678718587	0.0678116096407	-0.011177655906	0.00982885186228	-0.137379944578	-0.0376555580914	-0.0390934638117	-0.00762543557821	0.0865149639595	-0.0074129330973	-0.0215473095154	-0.0669057783105	-0.0864484817188	0.117728873904	0.109138352597	-0.0629844442775	-0.0116349013493	0.0437916508696	0.103418424317	-0.0466604342807	0.0238787356445	0.0387330383481	0.0474397573895	-0.00368565434654	-0.01865045714	-0.0240591325323
16	0.0221084980667	0.0444463503866	-0.00881538483688	-0.0482204251818	-0.0739344211778	-0.00626836979488	0.027772375672	-0.0189749429692	1.0	0.0419754050368	-0.00665334760031	-0.118281278758	-0.0516944509443	-0.0731512859559	-0.0142396734374	0.0274035521137	0.060356668285	-0.0785936790405	0.085332422663	0.07864492663	-0.0694985429045	-0.0286757266559	-0.0260215100054	0.091043072588	-0.0435184850105	0.0260824651938	0.103997756581	-0.0676560562318	0.00328681414508	0.0174261328257	0.0112748079551	-0.0491843543827	-0.0619172866916	-0.0183859609707	0.00908240876253	-0.0414798965821	0.13141665528	-0.0157709502272	0.0265829173179	-0.0208441389144	0.00243844769973	0.053416917488	-0.0466571431748	0.0300347563776	0.0900972642658	0.0816863340773	-0.0182050604191	-0.00299104520542	0.00132673746545	-0.0696074292486
17	0.0793929778867	0.0490799943269	-0.070903148371	-0.100763958152	-0.0336529492909	-0.000795921115262	0.118924504607	-0.0413536591399	0.0419754050368	1.0	0.0349164522515	0.0208024775961	0.0549111603618	-0.106119402058	-0.0870720641043	-0.0112559822667	0.0301418169314	-0.0184504495821	-0.0554265297259	0.158958722034	-0.00927778024542	-0.0450854019835	0.097545337509	0.00338505654355	-0.000912178894378	-0.00651999519869	-0.0548426770637	0.029025508751	0.0774584942851	0.0917270417013	-0.0951369849995	0.00877869912419	0.0125846863262	0.0392680080217	0.0154903184544	0.101623357146	0.0372235696109	0.0631378098433	0.011417219812	-0.0703797414014	-0.0534438772538	0.00311560680225	-0.0106724037727	0.0266863753475	-0.0994508411125	0.0870194448443	-0.0216620621972	-0.00921006357234	0.056469935786	-0.0856183555314
18	-0.0784755725428	0.0769252310787	-0.0270309554383	0.0145829376478	0.094168962038	0.0803074838223	-0.0719103538348	-0.00701682521357	-0.00665334760031	0.0349164522515	1.0	-0.037806272669	0.0049605296729	0.0348311068003	-0.00653690789156	0.0246961352193	-0.0257755407079	0.0639590608277	0.0489661898404	-0.0591791331199	0.0338231396088	0.0731739269985	0.078623680463	0.0892445631768	-0.012436825579	-0.000338973993423	-0.0135534601476	0.0517349578617	0.00367896997825	-0.0898880637015	0.0407540896084	-0.0462657458905	-0.0726712292746	0.0607714689559	0.0146164616423	0.0303260091481	0.0812362503923	0.0128053968111	-0.00977025138573	-0.0615598589672	0.0473459198101	0.0714099008238	-0.0561529090356	-0.173625709644	-0.105484456515	-0.109578082048	-0.0323749212858	-0.0286337376556	0.0137333198918	0.103137535235
19	0.024346112984	0.0881965805743	-0.0543154671052	0.0188809885811	0.12608685586	-0.0160072288181	-0.0431726602697	-0.0669639706094	-0.118281278758	0.0208024775961	-0.037806272669	1.0	-0.0510165683797	0.179894340438	-0.0462682068911	0.0636784730763	0.0643169538291	-0.0248088248944	0.0647102198475	-0.016867291448	-0.0148291209058	-0.100755085182	0.0148452308839	-0.0222891701382	-0.0748830379255	-0.077815719452	-0.0198877267365	0.00100851572533	0.0571006736083	-0.0128509895242	-0.0863074688908	-0.0131382535219	-0.0965993046784	-0.0194309600489	-0.0525190388202	0.107376651203	-0.0981986266264	-0.0398959040381	0.0664737766424	0.0808093210821	-0.0761717451401	0.00700770048439	0.11469817518	0.162858474733	-0.0181271276674	0.0119801240334	-0.0220237523331	0.068058607573	-0.0480958824311	-0.0501682460422
2	0.0412859224204	0.0133769610918	-0.0450875813119	-0.0556814934417	0.0520250369856	0.0959298473612	0.0543207116906	0.0904447016108	-0.0516944509443	0.0549111603618	0.00496052967289	-0.0510165683797	1.0	-0.0431996110463	-0.0452815242408	-0.0812054616413	-0.021544487057	0.000713902907851	-0.0801619153939	-0.017498398258	0.0177831761292	0.092688685543	0.096835532015	0.073429800958	-0.0780282583488	-0.00429239744211	-0.0406341060372	0.0550851309731	-0.0457287581288	-0.109762872281	-0.0591166592706	-0.0287036335269	0.119421188868	-0.0308717465285	-0.0692699634461	0.0930825533606	0.0473182549211	-0.0222092009377	0.0154974137339	0.0548451962044	0.00430300613713	-0.0856635054904	0.123318064719	-0.0501086839539	0.0139350109655	-0.000792585917533	-0.102828443775	-0.0506762625771	-0.00610273619524	0.0123186881424
20	-0.0111942525951	-0.0607919300939	0.0572852756417	0.0661757107486	0.0368305685032	0.0297841218126	-0.00140299512111	-0.0260248836013	-0.0731512859559	-0.106119402058	0.0348311068003	0.179894340438	-0.0431996110463	1.0	-0.0141795754355	0.0361108904632	0.00804352771835	0.00427662804502	-0.000544662388753	0.0731752680993	-0.0635249388173	-0.0266826618571	-0.0857041726605	0.0137681258778	-0.116215917891	0.0562851522091	0.0361873894244	0.0611546015401	-0.0800459071483	-0.0553519046479	-0.0214018561488	-0.0381816968774	-0.0552763481666	0.0341850939012	-0.0177882575872	0.0690262978142	0.0256611162565	0.0752844333796	0.020502491848	0.0267774194239	0.0112104568711	0.0108472284314	-0.050595844551	0.00343248720848	0.0490394767073	-0.0293998321944	0.00521777935337	0.0566937399224	-0.143400584192	-0.0170050546921
21	0.0413546915645	0.0114572112238	0.0089355394588	-0.00373487741445	-0.0461672187428	0.0210348830616	0.0136894516041	0.056146440232	-0.0142396734374	-0.0870720641043	-0.00653690789156	-0.0462682068911	-0.0452815242408	-0.0141795754355	1.0	0.0189606360325	-0.00911328710968	-0.0569197066327	0.0544198272854	0.0289438322798	0.022533804655	-0.017247471755	-0.0650004562337	0.00156226940474	0.0527160707665	0.0464943625783	-0.0079318233851	-0.0319218004941	0.00410174913686	0.0391369833957	-0.00119121748937	-0.0310914254056	0.0455985150732	-0.0042324483362	-0.030215876284	0.0234669981972	-0.0386983743993	-0.026204446135	0.0246057227248	0.0160468838089	0.011113532469	0.102719779857	-0.0464144597655	-0.0418129548907	0.0549208254176	0.0652043833648	-0.0513749635236	0.0609183551344	0.0091956448399	-0.0308330647267
22	-0.0354307904333	0.000906057609086	0.000525308111758	0.00331337732987	-0.0298257582214	-0.0042633255612	-0.0108253823595	0.105620048548	0.0274035521137	-0.0112559822667	0.0246961352193	0.0636784730763	-0.0812054616413	0.0361108904632	0.0189606360325	1.0	0.000812193141013	-0.00631544675297	-0.0995969992162	-0.0598196766991	-0.0526024847226	-0.0190305190326	-0.0307861504718	0.0535149233263	-0.0430733357754	0.0228915751655	0.0478186839518	-0.010726772544	0.144272374979	0.0604066433566	0.0183261683753	-0.020355964808	-0.0424009671814	-0.0751444775566	-0.0578345575815	0.0151368026069	0.073143410881	0.0303226113158	-0.065034000242	-0.0211022856369	-0.0926601616292	-0.0436146215695	0.0354654855801	0.0488306112909	-0.00964715333069	0.0126939993562	-0.0073595042033	-0.00343117757884	0.0161242896075	0.0627596092211
23	-0.114450766223	0.0175790466164	-0.0538345922701	-0.0486358382406	0.0235147070135	-0.050644465154	0.0289296542231	0.0185314836592	0.060356668285	0.0301418169314	-0.0257755407079	0.0643169538291	-0.021544487057	0.00804352771835	-0.00911328710968	0.000812193141013	1.0	-0.0379230336842	-0.000959366831221	-0.0240924412426	-0.0530102032188	-0.0341017615132	-0.0320869884905	0.0148906430663	-0.00552875201409	-0.117835142236	0.0473579578223	-0.00364236784653	-0.0599108239688	0.158275769977	-0.126041781484	-0.0889166907191	-0.0218207435201	0.00451905817103	-0.0295279720769	0.0289905776176	0.071573281245	0.108890060019	0.0031957102863	-0.000184003696315	-0.0729722637942	0.0714871460468	-0.126938868816	0.156276008902	0.0290267330498	0.094417123256	0.0331079918205	0.0144920701425	0.159942524943	-0.005804493482
24	-0.070350947438	-0.000651941559421	0.0687846024505	0.10784186042	0.0518821640588	-0.00777011619188	-0.0363366686836	0.0510633347739	-0.0785936790405	-0.0184504495821	0.0639590608277	-0.0248088248944	0.000713902907851	0.00427662804502	-0.0569197066327	-0.00631544675297	-0.0379230336842	1.0	0.00886520600355	-0.140720747363	0.0490419741541	0.0656239040908	0.0118872387064	-0.0760607395267	0.00548981268376	0.0290522268602	0.0207991107774	0.0207897835067	0.0335463945831	0.0181150568831	0.0593945796773	0.142060802756	0.00519547926719	-0.0325343792583	0.0812110247047	0.00235070836499	0.0673759374381	0.0110338015815	-0.0928644100509	-0.0421127985881	0.106775331806	-0.0586715158099	0.00296223000921	-0.0293460049151	-0.0247835855228	-0.0770074368159	-0.020740897404	-0.0564303528537	-0.0155279035058	0.0339541604086
25	0.028648687969	0.0202468148498	-0.0397596581839	-0.0572762059963	0.0642207845457	0.00727136046873	-0.0543648851701	-0.00609849513814	0.085332422663	-0.0554265297259	0.0489661898404	0.0647102198475	-0.0801619153939	-0.000544662388753	0.0544198272854	-0.0995969992162	-0.000959366831221	0.00886520600355	1.0	0.00176928295905	-0.036055340701	0.0110781250469	-0.0695025662385	0.0308131831081	0.0775259519779	-0.0180645788883	-0.0116438198349	-0.0234116351178	0.108434336755	0.0594863074235	-0.0131655965145	-0.0222351666009	-0.0112245765873	0.0734102666884	0.0287511075172	-0.135668168331	0.00326346719445	-0.0196425460564	0.0137547413971	-0.0388483754444	0.00686951107022	0.0102212599651	-0.0929879258404	-0.0264334742618	-0.00678076780806	0.0242410013973	0.052034694854	-0.00353124316524	-0.0619994365385	0.00658676921512
26	0.144985621254	0.00835236212596	0.0434465495847	-0.0274129024421	-0.0421648037927	-0.0197761452902	0.169343938678	-0.0686676746421	0.07864492663	0.158958722034	-0.0591791331199	-0.016867291448	-0.017498398258	0.0731752680993	0.0289438322798	-0.0598196766991	-0.0240924412426	-0.140720747363	0.00176928295905	1.0	-6.24187753828e-05	-0.0528103477101	0.0121314358194	0.00869617984644	0.0803787453692	-0.0285945447397	-0.0737365818679	-0.0929222757724	0.0522718458714	0.059863925946	-0.00658205510972	-0.014902628085	-0.0342805014207	0.0753422100516	0.0322240755943	0.0439999676425	-0.017632380667	-0.0792621784647	-0.0418936571826	-0.0124854517281	-0.0671119596498	0.0472444303515	0.0224926518056	-0.0271123248072	-0.0281380022262	-0.0035293056033	0.0535620057118	-0.0120288890345	-0.0164343071583	-0.0872241656034
27	-0.0647700570523	0.00229091472501	-0.0373988738376	0.0481103210254	0.0439272892113	-0.054724959537	-0.00212759102124	0.00555641628567	-0.0694985429045	-0.00927778024542	0.0338231396088	-0.0148291209058	0.0177831761292	-0.0635249388173	0.022533804655	-0.0526024847226	-0.0530102032188	0.0490419741541	-0.036055340701	-6.24187753828e-05	1.0	0.0633727779462	0.0677905447281	-0.0553886286573	0.114006274307	-0.0270120298371	-0.0275875949546	0.0891054073173	-0.0766547090313	-0.0633683121463	-0.0242368589136	0.0234285127279	0.105929412533	-0.0638198159991	0.110625422339	-0.0439691581592	-0.00537007729631	0.0143678537568	-0.078787230977	0.0963079518732	0.00694138712976	-0.0472164698697	0.0520327090734	-0.0337506864691	0.0723171611472	-0.0514311118956	0.019152404191	-0.0435484424127	0.0339734839013	0.0613605501894
28	0.0179736637	-0.0210049167203	-0.0215407882845	-0.0954164809496	0.0249985757275	-0.00717280217056	-0.0254324892666	0.0453859884656	-0.0286757266559	-0.0450854019835	0.0731739269985	-0.100755085182	0.092688685543	-0.0266826618571	-0.017247471755	-0.0190305190326	-0.0341017615132	0.0656239040908	0.0110781250469	-0.0528103477101	0.0633727779462	1.0	-0.0143623078425	-0.0171520683313	-0.00212587000415	-0.0212378057031	0.0390199030636	0.0609440320867	0.0369411598314	-0.0598255696373	-0.0137378026167	-0.0206643100391	0.0863524229249	-0.0492121352677	0.037165452131	0.011402344783	-0.0464184358211	-0.0719127762044	-0.0163255750637	0.0902826967077	-0.0562212840168	-0.0203930308089	0.0290050093604	-0.0192687404862	-0.0678340878571	-0.00314346071435	-0.000505808434643	0.107108753023	0.0822674350961	-0.00872164368533
29	-0.0229866399878	-0.00530616573505	-0.0391162093812	0.0324377901348	0.0427158225887	0.0570632004903	-0.103337430042	-0.0938301081848	-0.0260215100054	0.097545337509	0.078623680463	0.0148452308839	0.096835532015	-0.0857041726605	-0.0650004562337	-0.0307861504718	-0.0320869884905	0.0118872387064	-0.0695025662385	0.0121314358194	0.0677905447281	-0.0143623078425	1.0	-0.0536664623274	0.0134405338081	-0.0748213679983	0.0449869567517	0.114503004247	-0.0465790300691	-0.00645199070756	0.0576811501045	-0.0414104795011	0.0738651236278	0.000815327629255	0.000640758251483	0.0206823646298	-0.0568045845456	0.0176248258419	0.00305066652036	0.0233517439996	0.0445786788469	-0.0879396424614	0.0261571666185	-0.00535680354312	0.0285344242017	-0.061929779143	-0.0569867533622	-0.0296065554907	0.0377253203585	0.0372418797826
3	0.0498042189881	0.0690052868745	0.0336400508697	0.0239118167267	0.0533524840664	-0.0425239705578	0.0489631236934	0.0351747956871	0.091043072588	0.00338505654355	0.0892445631768	-0.0222891701382	0.073429800958	0.0137681258778	0.00156226940474	0.0535149233263	0.0148906430663	-0.0760607395267	0.0308131831081	0.00869617984644	-0.0553886286573	-0.0171520683313	-0.0536664623274	1.0	-0.0967736226679	0.0378805417181	0.0195821820946	-0.00513776837313	-0.0410142257609	-0.0227417290038	-0.0304368372778	-0.0362645873906	-0.0269835596544	0.00460228016075	-0.0747841278023	-0.00705102115538	-0.00475833634917	0.0026843411297	-0.0689134298681	0.0978152088971	-0.0493120639773	-0.0291532036571	-0.00276119729054	-0.0182889189228	0.0857719167353	0.0513659589377	0.0713939435918	-0.135766786759	-0.0753674442562	0.00551325677443
30	0.0940325011872	0.00859421455046	-0.165552497419	0.00768533415122	-0.01085998003	0.0390397915393	-0.0801458809817	0.0348678718587	-0.0435184850105	-0.000912178894378	-0.012436825579	-0.0748830379255	-0.0780282583488	-0.116215917891	0.0527160707665	-0.0430733357754	-0.00552875201409	0.00548981268376	0.0775259519779	0.0803787453692	0.114006274307	-0.00212587000415	0.0134405338081	-0.0967736226679	1.0	-0.0666179490912	0.0498071466246	-0.0452050567295	0.0905171924745	-0.00612137118155	0.0849794004565	0.0477331326655	0.0467127235831	0.0842083765639	0.149631707148	-0.0807450636674	-0.0450194531414	-0.0154225422958	0.108382867772	0.0343365114561	0.00491015395771	-0.0391794287682	-0.0292689494431	-0.0566275800754	-0.0443596001115	-0.0961129134922	0.0122371161577	-0.00736713214395	0.117327912435	0.0405620451776
31	-0.00141365103053	0.0099995149499	-0.0287601529101	0.000523577323122	0.00766981452372	-0.0108952622838	-0.0638243253927	0.0678116096407	0.0260824651938	-0.00651999519869	-0.000338973993423	-0.077815719452	-0.00429239744211	0.0562851522091	0.0464943625783	0.0228915751655	-0.117835142236	0.0290522268602	-0.0180645788883	-0.0285945447397	-0.0270120298371	-0.0212378057031	-0.0748213679983	0.0378805417181	-0.0666179490912	1.0	0.0733396394298	-0.0459961835595	-0.0421439851262	0.0308891972408	0.0377299304844	-0.0370314972709	0.0445263968251	0.0394674626838	-0.0605103628816	0.0757714313092	0.0582266765295	-0.0511220952747	-0.0214188824725	-0.10565645857	0.0648991705188	0.00579520647769	0.0186055718286	-0.0363891231684	-0.00251861785052	0.0197741986116	-0.0699950980502	0.0663685074676	-0.0398364789791	0.0701356800001
32	0.0202644754965	0.0751554717953	0.0418027740759	-0.0464007191798	-0.00859517419901	0.0610103765035	-0.0979622071788	-0.011177655906	0.103997756581	-0.0548426770637	-0.0135534601476	-0.0198877267365	-0.0406341060372	0.0361873894244	-0.0079318233851	0.0478186839518	0.0473579578223	0.0207991107774	-0.0116438198349	-0.0737365818679	-0.0275875949546	0.0390199030636	0.0449869567517	0.0195821820946	0.0498071466246	0.0733396394298	1.0	-0.0412776456917	0.100849672319	-0.0276329805849	-0.0813368988773	0.0503547104109	-0.0998265178267	0.0473214075849	0.0354236340887	0.0545130249523	-0.0202239215721	0.0202420123435	0.0350528017599	0.0370945888782	-0.0324211841227	-0.0755267533081	-0.103620131196	-0.0900410602407	0.0706308104632	-0.0401918154132	0.0190335669036	-0.0445998123372	0.0737062331935	-0.0243630014625
33	-0.00452655284228	0.00602900125691	-0.0337528587206	-0.131852797394	0.0616909985456	0.014284742696	0.01271369588	0.00982885186228	-0.0676560562318	0.029025508751	0.0517349578617	0.00100851572533	0.0550851309731	0.0611546015401	-0.0319218004941	-0.010726772544	-0.00364236784653	0.0207897835067	-0.0234116351178	-0.0929222757724	0.0891054073173	0.0609440320867	0.114503004247	-0.00513776837313	-0.0452050567295	-0.0459961835595	-0.0412776456917	1.0	0.0828854578861	0.0377486116421	-0.0733227346427	0.0332403077603	0.04871418762	-0.0427844481129	-0.00482771418273	0.0273306815811	-0.0891411746498	-0.0928213703994	0.0115433326031	0.0445945123948	-0.000481604293645	-0.00935810425846	0.0739710847157	-0.0175240005524	-0.0855468797208	-0.0696500764075	0.0772239193335	-0.0333052890671	-0.0142912351159	0.0769085598086
34	-0.00542124801117	0.0212580201586	-0.0978567435654	-0.0674647395532	0.0372381409226	-0.00864143678759	0.0871070861957	-0.137379944578	0.00328681414508	0.0774584942851	0.00367896997825	0.0571006736083	-0.0457287581288	-0.0800459071483	0.00410174913686	0.144272374979	-0.0599108239688	0.0335463945831	0.108434336755	0.0522718458714	-0.0766547090313	0.0369411598314	-0.0465790300691	-0.0410142257609	0.0905171924745	-0.0421439851262	0.100849672319	0.0828854578861	1.0	0.047218642209	0.12562846828	-0.0795207431181	-0.0237213478297	-0.0407639994405	0.102223271253	0.0199335713941	-0.0666272426703	-0.0100320585001	-0.00423615960565	0.0540670982283	-0.0619970932936	-0.055967840079	-0.0819729607731	-0.053778903218	-0.0684412672976	-0.00579019129953	-0.0191541112889	0.0565437423608	-0.018898315109	-0.0425486893772
35	0.0932510952763	-0.0457901013035	-0.00485020124065	-0.0586353533063	0.0073756577793	0.00934961727791	0.00371346308847	-0.0376555580914	0.0174261328257	0.0917270417013	-0.0898880637015	-0.0128509895242	-0.109762872281	-0.0553519046479	0.0391369833957	0.0604066433566	0.158275769977	0.0181150568831	0.0594863074235	0.059863925946	-0.0633683121463	-0.0598255696373	-0.00645199070756	-0.0227417290038	-0.00612137118155	0.0308891972408	-0.0276329805849	0.0377486116421	0.047218642209	1.0	-0.0222853845331	-0.0627846809845	-0.0519799349327	-0.0482709142354	-0.0166204513726	-0.135636325543	0.0180350813012	0.00139088391478	0.00844755422025	-0.0610002785847	-0.0337132689878	-0.0326967348395	0.162700986625	0.0197490872242	-0.0930857511842	0.100094595881	0.0823988517113	0.0286941527063	0.0140741093	0.0465676411634
36	0.00409182820104	0.000456403333274	0.166901264139	0.101117013337	0.00441379477773	-0.00951133154296	0.0344544176091	-0.0390934638117	0.0112748079551	-0.0951369849995	0.0407540896084	-0.0863074688908	-0.0591166592706	-0.0214018561488	-0.00119121748937	0.0183261683753	-0.126041781484	0.0593945796773	-0.0131655965145	-0.00658205510972	-0.0242368589136	-0.0137378026167	0.0576811501045	-0.0304368372778	0.0849794004565	0.0377299304844	-0.0813368988773	-0.0733227346427	0.12562846828	-0.0222853845331	1.0	-0.00489922510259	-0.0096862254389	-0.0561171548084	0.108464797451	-0.0686089251166	0.040206132468	-0.0965983572618	0.04457635422	-0.097158702538	0.0633225076457	-0.0352713791709	0.00679437141277	-0.0455792746059	-0.0516923578407	-0.00798427638072	-0.00884887631782	-0.0694584223132	0.0837144788762	0.0919409700715
37	0.049559289527	-0.0440595620593	0.0632294061283	0.0862893035189	-0.0457162456664	0.0981972650487	-0.103299324075	-0.00762543557821	-0.0491843543827	0.00877869912419	-0.0462657458905	-0.0131382535219	-0.0287036335269	-0.0381816968774	-0.0310914254056	-0.020355964808	-0.0889166907191	0.142060802756	-0.0222351666009	-0.014902628085	0.0234285127279	-0.0206643100391	-0.0414104795011	-0.0362645873906	0.0477331326655	-0.0370314972709	0.0503547104109	0.0332403077603	-0.0795207431181	-0.0627846809845	-0.00489922510259	1.0	0.0588560517484	0.05110165204	-0.0391178132123	0.0227356830412	-0.0373798861453	0.0159448565699	-0.0385232437642	0.112741508975	0.117251054961	-0.0527334502902	-0.0519733167708	0.0726304578325	0.00791283256429	0.0221016447019	-0.0566000543603	-0.0141149917163	-0.0291677397802	0.0816509940295
38	0.0691192114513	-0.0223215454868	0.0516654734899	-0.0218404065943	-0.0101598607496	0.0314683382258	0.0590968536969	0.0865149639595	-0.0619172866916	0.0125846863262	-0.0726712292746	-0.0965993046784	0.119421188868	-0.0552763481666	0.0455985150732	-0.0424009671814	-0.0218207435201	0.00519547926719	-0.0112245765873	-0.0342805014207	0.105929412533	0.0863524229249	0.0738651236278	-0.0269835596544	0.0467127235831	0.0445263968251	-0.0998265178267	0.04871418762	-0.0237213478297	-0.0519799349327	-0.0096862254389	0.0588560517484	1.0	0.0148702278423	0.0340206970551	0.0207508860755	0.0307408431016	-0.116277602308	-0.113447452535	0.000537893301828	0.00458440432144	-0.0612792160099	-0.0156787159582	-0.0512696284441	0.145295981308	-0.00582401618366	-0.0222355777275	-0.0195903138133	0.0423737161191	-0.0970732846459
39	0.0381036332634	-0.127178739867	-0.111868017958	0.00608556709472	0.0958659805377	0.100138596114	-0.000222482464914	-0.0074129330973	-0.0183859609707	0.0392680080217	0.0607714689559	-0.0194309600489	-0.0308717465285	0.0341850939012	-0.0042324483362	-0.0751444775566	0.00451905817103	-0.0325343792583	0.0734102666884	0.0753422100516	-0.0638198159991	-0.0492121352677	0.000815327629255	0.00460228016075	0.0842083765639	0.0394674626838	0.0473214075849	-0.0427844481129	-0.0407639994405	-0.0482709142354	-0.0561171548084	0.05110165204	0.0148702278423	1.0	-0.087438058158	0.0584900623984	-0.00234463825294	-0.0177759306957	-0.0077143042809	-0.0897119950945	0.0570048933574	0.0295766230399	-0.0499945240066	-0.0621812328486	0.0113610572737	0.0251375657559	-0.00817110374506	-0.0478737986305	-0.0311473899721	0.033714603278
4	-0.0147494968197	0.0204934180238	-0.0116230644902	-0.00818602639489	-0.0711599270307	-0.00500319906897	-0.0417657458977	-0.0215473095154	0.00908240876253	0.0154903184544	0.0146164616423	-0.0525190388202	-0.0692699634461	-0.0177882575872	-0.030215876284	-0.0578345575815	-0.0295279720769	0.0812110247047	0.0287511075172	0.0322240755943	0.110625422339	0.037165452131	0.000640758251483	-0.0747841278023	0.149631707148	-0.0605103628816	0.0354236340887	-0.00482771418273	0.102223271253	-0.0166204513726	0.108464797451	-0.0391178132123	0.0340206970551	-0.087438058158	1.0	-0.0579414284535	-0.00676415679691	-0.0863810131097	0.0386311247841	0.0108793045651	0.00629018643107	-0.0168308354143	0.023426568741	-0.0137927690698	-0.116221736342	-0.0465956622567	0.0890692079323	-0.013537544325	-0.0676216076142	0.0267710505058
40	0.0126179208031	0.0100827322896	-0.0110243856133	0.0468222327646	0.0794704416896	0.0952696020722	-0.0236223255357	-0.0669057783105	-0.0414798965821	0.101623357146	0.0303260091481	0.107376651203	0.0930825533606	0.0690262978142	0.0234669981972	0.0151368026069	0.0289905776176	0.00235070836499	-0.135668168331	0.0439999676425	-0.0439691581592	0.011402344783	0.0206823646298	-0.00705102115538	-0.0807450636674	0.0757714313092	0.0545130249523	0.0273306815811	0.0199335713941	-0.135636325543	-0.0686089251166	0.0227356830412	0.0207508860755	0.0584900623984	-0.0579414284535	1.0	0.0335949922055	0.0166130914704	-0.0825540346783	-0.0251808998011	-0.0898863897065	0.0983758598368	-0.0713793849999	0.0554054844996	0.0417811794992	-0.171968067179	-0.146607133485	0.063138709351	-0.0795952871759	-0.0403762988908
41	-0.114172290692	0.014967949397	0.161854161181	-0.037869290645	-0.00555789259824	-0.0432890695152	-0.0321437984582	-0.0864484817188	0.13141665528	0.0372235696109	0.0812362503923	-0.0981986266264	0.0473182549211	0.0256611162565	-0.0386983743993	0.073143410881	0.071573281245	0.0673759374381	0.00326346719445	-0.017632380667	-0.00537007729631	-0.0464184358211	-0.0568045845456	-0.00475833634917	-0.0450194531414	0.0582266765295	-0.0202239215721	-0.0891411746498	-0.0666272426704	0.0180350813012	0.040206132468	-0.0373798861453	0.0307408431016	-0.00234463825294	-0.00676415679691	0.0335949922055	1.0	0.0844171160136	0.0412295131897	0.0165045007427	-0.00489576006869	0.0181167831641	-0.0113799626041	0.0626875764011	0.00249374446973	-0.0450314423392	0.0040910120595	-0.0428843763497	-0.159600862663	-0.0889013337304
42	-0.230631147477	0.026874441482	-0.108886246974	0.0594044085834	-0.0458841418185	-0.0777370087309	0.0293828452782	0.117728873904	-0.0157709502272	0.0631378098433	0.0128053968111	-0.0398959040381	-0.0222092009377	0.0752844333796	-0.026204446135	0.0303226113158	0.108890060019	0.0110338015815	-0.0196425460564	-0.0792621784647	0.0143678537568	-0.0719127762044	0.0176248258419	0.0026843411297	-0.0154225422958	-0.0511220952747	0.0202420123435	-0.0928213703994	-0.0100320585001	0.00139088391478	-0.0965983572618	0.0159448565699	-0.116277602308	-0.0177759306957	-0.0863810131097	0.0166130914704	0.0844171160136	1.0	0.0326012091677	-0.044487041593	-0.0211992962203	0.099902549716	0.00506120731629	0.0692158432476	-0.000341207976903	-0.0310322807857	0.0957609060686	0.0577080635348	-0.0538780544148	0.0402441222731
43	0.101595026078	0.0255689130291	-0.0959592426639	-0.00207211747176	0.0889133257238	-0.0999925264866	0.0413092307327	0.109138352597	0.0265829173179	0.011417219812	-0.00977025138573	0.0664737766424	0.0154974137339	0.020502491848	0.0246057227248	-0.065034000242	0.0031957102863	-0.0928644100509	0.0137547413971	-0.0418936571826	-0.078787230977	-0.0163255750637	0.00305066652036	-0.0689134298681	0.108382867772	-0.0214188824725	0.0350528017599	0.0115433326031	-0.00423615960565	0.00844755422025	0.04457635422	-0.0385232437642	-0.113447452535	-0.0077143042809	0.0386311247841	-0.0825540346783	0.0412295131897	0.0326012091677	1.0	0.0332552793115	0.0452919402203	0.0878389657192	0.0334461675514	0.0817371331248	-0.05179318222	-0.0389653338512	-0.048026386365	-0.0861060446106	-0.0856207516429	0.0598901509646
44	0.0327454705226	-0.00288873554663	-0.0427584926237	0.0535761073651	0.0411098745411	0.0491347357734	-0.0350434912312	-0.0629844442775	-0.0208441389144	-0.0703797414014	-0.0615598589672	0.0808093210821	0.0548451962044	0.0267774194239	0.0160468838089	-0.0211022856369	-0.000184003696315	-0.0421127985881	-0.0388483754444	-0.0124854517281	0.0963079518732	0.0902826967077	0.0233517439996	0.0978152088971	0.0343365114561	-0.10565645857	0.0370945888782	0.0445945123948	0.0540670982283	-0.0610002785847	-0.097158702538	0.112741508975	0.000537893301828	-0.0897119950945	0.0108793045651	-0.0251808998011	0.0165045007427	-0.044487041593	0.0332552793115	1.0	-0.0343171544053	0.00990197027398	-0.0508164052565	-0.0680886216519	0.0273760051112	0.0193668945186	0.106505890871	-0.0394249195001	-0.081538620589	-0.0745327580584
45	0.0229854963911	0.0119689595495	0.05931501927	0.026075285208	-0.0130275163459	-0.0255080135653	-0.0605028928082	-0.0116349013493	0.00243844769973	-0.0534438772538	0.0473459198101	-0.0761717451401	0.00430300613713	0.0112104568711	0.011113532469	-0.0926601616292	-0.0729722637942	0.106775331806	0.00686951107022	-0.0671119596498	0.00694138712976	-0.0562212840168	0.0445786788469	-0.0493120639773	0.00491015395771	0.0648991705188	-0.0324211841227	-0.000481604293645	-0.0619970932936	-0.0337132689878	0.0633225076457	0.117251054961	0.00458440432144	0.0570048933574	0.00629018643107	-0.0898863897065	-0.00489576006869	-0.0211992962203	0.0452919402203	-0.0343171544053	1.0	0.0135567782976	-0.0242588821047	-0.00877049124218	0.00924236130013	-0.0460576912213	-0.0625515964503	0.0214497000189	-0.0678413340818	0.152744474115
46	0.0733982352322	-0.0394337780925	0.0129518802552	0.00903280884267	0.0257363023067	0.0350244267128	-0.00378011045515	0.0437916508696	0.053416917488	0.00311560680225	0.0714099008238	0.00700770048439	-0.0856635054904	0.0108472284314	0.102719779857	-0.0436146215695	0.0714871460468	-0.0586715158099	0.0102212599651	0.0472444303515	-0.0472164698697	-0.0203930308089	-0.0879396424614	-0.0291532036571	-0.0391794287682	0.00579520647769	-0.0755267533081	-0.00935810425846	-0.055967840079	-0.0326967348395	-0.0352713791709	-0.0527334502902	-0.0612792160099	0.0295766230399	-0.0168308354143	0.0983758598368	0.0181167831641	0.099902549716	0.0878389657192	0.00990197027398	0.0135567782976	1.0	-0.0481082844553	0.0857643933233	-0.0101215215823	-0.0362086959936	-0.0092680301907	0.0531334236296	0.0469009964833	-0.123553432264
47	0.0202938745269	-0.0344150371291	0.0120502790826	-0.0339996778627	0.0263759930576	0.0396449217311	0.00176115512751	0.103418424317	-0.0466571431748	-0.0106724037727	-0.0561529090356	0.11469817518	0.123318064719	-0.050595844551	-0.0464144597655	0.0354654855801	-0.126938868816	0.00296223000921	-0.0929879258404	0.0224926518056	0.0520327090734	0.0290050093604	0.0261571666185	-0.00276119729054	-0.0292689494431	0.0186055718286	-0.103620131196	0.0739710847157	-0.0819729607731	0.162700986625	0.00679437141277	-0.0519733167708	-0.0156787159582	-0.0499945240066	0.023426568741	-0.0713793849999	-0.0113799626041	0.00506120731629	0.0334461675514	-0.0508164052565	-0.0242588821047	-0.0481082844553	1.0	0.0846944600414	-0.0595049399451	0.116573056343	-0.00702994672699	0.00314588621195	-0.0447600610349	-0.0169616493454
48	-0.00173729429325	-0.0421661901875	0.0936075986637	0.0842356018323	-0.0821464699464	-0.000253065430659	-0.0409602268824	-0.0466604342807	0.0300347563776	0.0266863753475	-0.173625709644	0.162858474733	-0.0501086839539	0.00343248720848	-0.0418129548907	0.0488306112909	0.156276008902	-0.0293460049151	-0.0264334742618	-0.0271123248072	-0.0337506864691	-0.0192687404862	-0.00535680354312	-0.0182889189228	-0.0566275800754	-0.0363891231684	-0.0900410602407	-0.0175240005524	-0.053778903218	0.0197490872242	-0.0455792746059	0.0726304578325	-0.0512696284441	-0.0621812328486	-0.0137927690698	0.0554054844996	0.0626875764011	0.0692158432476	0.0817371331248	-0.0680886216519	-0.00877049124218	0.0857643933233	0.0846944600414	1.0	0.058364330343	0.000249504022263	-0.0126966028829	0.0408742951618	-0.00519321932128	-0.119308024842
49	-0.0378412190834	-0.0670018468327	0.00876410652923	0.127272695269	0.00644442815119	-0.0151725432294	0.0346972846414	0.0238787356445	0.0900972642658	-0.0994508411125	-0.105484456515	-0.0181271276674	0.0139350109655	0.0490394767073	0.0549208254176	-0.00964715333069	0.0290267330498	-0.0247835855228	-0.00678076780806	-0.0281380022262	0.0723171611472	-0.0678340878571	0.0285344242017	0.0857719167353	-0.0443596001115	-0.00251861785052	0.0706308104632	-0.0855468797208	-0.0684412672976	-0.0930857511842	-0.0516923578407	0.00791283256429	0.145295981308	0.0113610572737	-0.116221736342	0.0417811794992	0.00249374446973	-0.000341207976903	-0.05179318222	0.0273760051112	0.00924236130013	-0.0101215215823	-0.0595049399451	0.058364330343	1.0	0.0420296295082	0.0146878165156	-0.0243792731415	0.00413919948124	-0.0806962223027
5	-0.0740039444249	-0.124652671744	-0.0241070109114	-0.00768091538628	0.00497747400739	-0.0286131763533	0.0102935064882	0.0387330383481	0.0816863340773	0.0870194448443	-0.109578082048	0.0119801240334	-0.000792585917533	-0.0293998321944	0.0652043833648	0.0126939993562	0.094417123256	-0.0770074368159	0.0242410013973	-0.0035293056033	-0.0514311118956	-0.00314346071435	-0.061929779143	0.0513659589377	-0.0961129134922	0.0197741986116	-0.0401918154132	-0.0696500764075	-0.00579019129953	0.100094595881	-0.00798427638072	0.0221016447019	-0.00582401618366	0.0251375657559	-0.0465956622567	-0.171968067179	-0.0450314423392	-0.0310322807857	-0.0389653338512	0.0193668945186	-0.0460576912213	-0.0362086959936	0.116573056343	0.000249504022263	0.0420296295082	1.0	0.0629321974521	0.0382732321888	0.142983386927	0.0614094454251
6	-0.0861592634556	0.0136591304998	0.0413461722435	-0.00766930706332	-0.0121509786507	-0.0426108276516	0.00238927908836	0.0474397573895	-0.0182050604191	-0.0216620621972	-0.0323749212858	-0.0220237523331	-0.102828443775	0.00521777935337	-0.0513749635236	-0.0073595042033	0.0331079918205	-0.020740897404	0.052034694854	0.0535620057118	0.019152404191	-0.000505808434643	-0.0569867533622	0.0713939435918	0.0122371161577	-0.0699950980502	0.0190335669036	0.0772239193335	-0.0191541112889	0.0823988517113	-0.00884887631782	-0.0566000543603	-0.0222355777275	-0.00817110374506	0.0890692079323	-0.146607133485	0.0040910120595	0.0957609060686	-0.048026386365	0.106505890871	-0.0625515964503	-0.0092680301907	-0.00702994672699	-0.0126966028829	0.0146878165156	0.0629321974521	1.0	-0.0164632637856	0.000600405448778	-0.048550697569
7	-0.0882208358713	0.0512479581048	-0.141202468526	-0.0092680863764	-0.0812909321329	0.111672756579	0.080517937759	-0.00368565434654	-0.00299104520542	-0.00921006357234	-0.0286337376556	0.068058607573	-0.0506762625771	0.0566937399224	0.0609183551344	-0.00343117757884	0.0144920701425	-0.0564303528537	-0.00353124316524	-0.0120288890345	-0.0435484424127	0.107108753023	-0.0296065554907	-0.135766786759	-0.00736713214395	0.0663685074676	-0.0445998123372	-0.0333052890671	0.0565437423608	0.0286941527063	-0.0694584223132	-0.0141149917163	-0.0195903138133	-0.0478737986305	-0.013537544325	0.063138709351	-0.0428843763497	0.0577080635348	-0.0861060446106	-0.0394249195001	0.0214497000189	0.0531334236296	0.00314588621195	0.0408742951618	-0.0243792731415	0.0382732321888	-0.0164632637856	1.0	-0.0448397249985	0.0496578661712
