OTU_id	0	1	10	11	12	13	14	15	16	17	18	19	2	20	21	22	23	24	25	26	27	28	29	3	30	31	32	33	34	35	36	37	38	39	4	40	41	42	43	44	45	46	47	48	49	5	6	7	8	9
0	1.0	0.143516605272	-0.051741345151	0.0251766900904	0.013981679917	0.0058248998884	0.133580436193	0.0448335521785	-0.00106010279945	-0.083551235757	-0.0277672904578	0.0163415569229	-0.0787256885515	0.0938442693419	-0.0264666778602	0.0631321994762	-0.0484839047519	0.0562021826789	0.0601195232826	0.0227799397032	0.0116789374819	0.0077841643131	0.0325897652555	-0.00352206514092	0.0551597041274	-0.00319711219701	-0.0370057242037	0.000161748262557	-0.0532508740575	0.00727289372932	-0.0853553842691	0.0262291646024	-0.0181247424406	-0.145740914441	-0.114554817837	-0.0216596622136	0.0249708149279	-0.0548091767465	0.0190644651984	-0.00233541411284	0.0120280106706	0.0191347317069	-0.00936122521949	-0.0547080652468	-0.00771364024069	0.157751377251	-0.087383661903	-0.0678751531727	0.0029414742347	0.0113263152458
1	0.143516605272	1.0	0.0134871669175	0.123256045614	-0.0639227219208	0.0677534091735	0.0115863040663	-0.051229881016	-0.00658128083643	-0.046818973751	0.0389071878097	-0.0338133364269	-0.113759011468	-0.00988610266968	-0.0291251113109	0.0663827468932	0.00280025615459	0.0110360940193	-0.125877227695	-0.0659612666653	-0.03578921911	0.0689088207848	-0.0920238781898	0.0861339158663	0.0428690505714	0.061724555179	-0.00712642844304	0.0339161007731	-0.0316021056479	0.032953779634	0.0446918290044	0.0381685983182	-0.0443785807691	-0.0444609074108	-0.0227582910177	-0.0589413654223	0.0308112853961	0.158984186859	-0.044222008438	0.0637500354144	0.0514196061447	0.0770815298823	-0.0343824889757	-0.0361200850843	0.0103727461846	0.00510231756325	-0.0450856985272	-0.0124018522532	0.0163361055106	-0.137729630041
10	-0.051741345151	0.0134871669175	1.0	-0.0242691988009	0.00911931833349	-0.0332393449047	-0.0305604892884	0.026417204608	0.0309758546236	-0.0589525717557	-0.107119458815	-0.0130911777096	0.0208351218421	0.0133657022863	0.0556777156324	-0.0440366755972	0.0425903541704	0.0579002170796	0.0249773245124	0.199276835288	0.000685650380281	-0.0474824976118	-0.0385229286121	-0.0473580668668	-0.0616182972711	0.0102123689079	-0.0183570448024	-0.0252704635798	0.0645019479423	0.0477024608299	-0.0123924648268	-0.0645917964687	0.0893293135085	-0.0190904773768	0.015380849907	0.0435057611708	0.0313615607442	0.0517405183142	-0.0378340844401	-0.0454823814156	0.038892682396	0.0903915444891	-0.0235169967362	-0.0087351229978	0.0832704556307	-0.0663697223054	0.0358037018754	0.096315240722	-0.0887077877968	-0.0853155751611
11	0.0251766900904	0.123256045614	-0.0242691988009	1.0	0.00870771467048	0.0372352868755	0.0265275037026	-0.0700244891348	0.0394688062794	0.0458854724472	0.0123673183514	0.0144784806228	-0.0294833043553	0.0256682573076	0.0979898194238	-0.0990575731692	0.0647150480491	0.00157313630621	-0.0214922779473	0.0387056024621	-0.0472150627473	-0.096272652387	0.00551044471324	-0.00798872791504	-0.0522999758896	0.101884704121	-0.00977465488003	-0.0693636552489	0.104338999938	-0.0405644885976	-0.000613920894355	0.0263543022729	0.122737770926	-0.0688369977155	-0.0660020367759	-0.0637177183576	-0.0356415675997	0.00106379884512	0.00463587389109	-0.0919003608114	-0.177126919372	0.0591458695116	-0.00994024109484	0.0291030478922	-0.0219941356592	-0.00133054019946	0.0227014317865	-0.00773907341596	-0.00647696326766	-0.0261469451133
12	0.013981679917	-0.0639227219208	0.00911931833349	0.00870771467048	1.0	0.0145440288091	-0.00904465309597	0.0141560736836	-0.0452108242464	0.0178712624736	0.0576294699373	-0.0159831206409	-0.0281279690562	-0.0473346551503	-0.0240481271637	-0.00623720117296	-0.0307055543179	0.0457686321731	0.0560069887213	0.0364820568734	0.0277234647413	-0.00589395825562	0.00552761109192	0.00678164568242	-0.0267631806284	-0.0301580503566	-0.0881445763946	-0.0514742014506	-0.0145654316235	0.0311473237197	-0.0268481052371	0.03806566272	0.0298865077523	0.068053780157	-0.0229789239257	0.0319061909434	-0.0141750895011	0.0718831060632	-0.0366791550187	-0.129563331341	0.0173542857677	0.0571879792444	-0.0377677689457	0.0405874981562	-0.0210329183612	-0.0160894000989	-0.0139831547518	0.0160535610673	-0.0433672447857	0.105113716327
13	0.0058248998884	0.0677534091735	-0.0332393449047	0.0372352868755	0.0145440288091	1.0	-0.0524301593649	-0.00874827512562	-0.0634059588297	-0.0500902442071	0.117678683053	-0.122034683919	0.0753025904335	0.0897881305832	-0.0494810100404	-0.0336156377287	0.0951726485674	0.0709833968255	0.0309262915502	-0.0734478419725	-0.0830003820558	-0.1230322439	-0.0291762501102	0.0484306822898	0.112091170973	0.0411677143615	0.0207160414751	-0.129079390233	0.0339592993051	0.0781500260786	-0.00100619201488	-0.0258972284857	0.0484203696745	-0.0198431699984	-0.0283589492559	0.0644869544624	-0.0907867951831	-0.00639244365388	0.0155722637967	-0.00897186441859	0.000194538264374	0.0612442591081	-0.00251933188043	0.00334059235233	0.0208090291912	-0.0751141191629	-0.0466188306809	-0.0173029645223	0.119709262208	0.0428861584873
14	0.133580436193	0.0115863040663	-0.0305604892884	0.0265275037026	-0.00904465309597	-0.0524301593649	1.0	0.0427494697126	-0.0453138133962	-0.0358781956272	-0.044320483078	-0.0658581023632	-0.0955130032512	0.0948377318703	-0.0395048197318	0.0390019788456	0.0432853076051	-0.0639803088523	0.103329436428	0.0979431594145	0.0854019979295	0.0197358344272	-0.0142738808151	0.0382418872656	-0.0273155946566	-0.0133767445817	-0.0935426889821	0.0303839363842	0.0115840806207	-0.0611152093175	0.0765349056791	-0.0774448764178	0.0595533886927	-0.0171593256565	-0.00166491879899	-0.0268585765829	0.0208990092486	0.0200258651109	-0.0739678222841	0.0878934401967	-0.0185702773248	-0.0769311117524	-0.0389669495116	-0.0349387710507	-0.166380634205	-0.0986088745278	-0.0101830011377	0.0362375347203	-0.0265704910293	0.122079348211
15	0.0448335521785	-0.051229881016	0.026417204608	-0.0700244891348	0.0141560736836	-0.00874827512562	0.0427494697126	1.0	-0.0183355990888	-0.16813773384	-0.0643306032937	-0.0596371877308	-0.051525612725	-0.0676665724465	-0.105258116867	0.0444334519311	-0.0111688897465	0.0334874941329	0.141095900959	-0.0204105227185	0.0659103098291	-0.0499754596629	0.135095301534	-0.0192487138243	0.132746082221	-0.0972206391212	0.00163840680398	0.0325592664516	-0.078497113435	0.0318736118516	-0.0615529253769	0.00824368470286	0.0503318999667	-0.0969935218358	0.0911719660814	0.0332746629808	0.110679236611	0.0387994764342	-0.00134967999041	0.109293630498	-0.113826940405	-0.0715852353063	0.00285375320887	0.0286627575459	0.0321438210283	-0.0486564545185	0.060029904563	0.0313898183053	0.0110417151897	-0.0674904487205
16	-0.00106010279945	-0.00658128083643	0.0309758546236	0.0394688062794	-0.0452108242464	-0.0634059588297	-0.0453138133962	-0.0183355990888	1.0	0.0584827025075	-0.0406760247676	-0.0158034665948	0.0160177485551	-0.00770554188656	-0.0225622565554	-0.0442241131013	0.0160584063104	-0.0664468321292	0.0632805334519	-0.040087566642	-0.0219597390247	-0.0311935594257	-0.0806932527861	-0.0153636995741	-0.0195089774529	0.0920007366733	0.0358575622355	-0.0796514522393	0.0689841583948	-0.02328629623	0.0163809588733	0.0525311028854	-0.0175477130415	-0.012479019929	-0.0477175381392	-0.0166586917297	-0.0306421352695	0.0473095744477	-0.0524101008417	-0.0772746325208	-0.0157392040251	-0.0296331314974	0.143881520896	0.0486711264534	0.00675418738006	0.0254109279546	-0.0123957992485	0.0204878517672	0.00698994355345	0.00396817904689
17	-0.083551235757	-0.046818973751	-0.0589525717557	0.0458854724472	0.0178712624736	-0.0500902442071	-0.0358781956272	-0.16813773384	0.0584827025075	1.0	-0.0336072563833	-0.0533996860065	0.0593515400867	0.0719328539156	0.0506090741656	-0.0583176990766	0.0328340598501	-0.104616078634	0.000536205080357	0.0147541620623	0.0594784093522	0.00985735525544	-0.0756972541082	0.0494644506749	-0.0163363347656	0.0489002021417	0.0633069199198	-0.0703242023171	-0.0247019599816	0.00335482187572	-0.0163428354605	0.0769201199155	-0.0161559766546	0.0634561794645	0.0527029678136	0.0170722018152	-0.0227819084736	0.0447777261082	0.0200407584975	-0.0909456394534	0.0276992312074	0.00855549046371	0.0322937534404	-0.0160676689827	-0.0548172911919	-0.0563472475676	0.0340419508826	-0.025695768516	-0.0426270389256	-0.0133655145055
18	-0.0277672904578	0.0389071878097	-0.107119458815	0.0123673183514	0.0576294699373	0.117678683053	-0.044320483078	-0.0643306032937	-0.0406760247676	-0.0336072563833	1.0	-0.00296779666068	0.0183278450222	-0.0913976768268	-0.00842268945116	-0.044068589117	0.0440257849917	0.0134244520528	0.0673447815322	0.0366491720281	0.019629363097	-0.0154192281981	0.0272759155921	-0.0641869538803	0.0164140234475	0.016058440996	0.158111967263	-0.0453940609593	0.000113408378988	0.049311674908	-0.0315308748632	-0.0130966049822	-0.0348048060086	-0.0722306615652	-0.0502535364241	0.0831272064637	-0.0681439527964	-0.0198736243593	-0.0320038072244	0.0172948642522	0.000574962300393	-0.0443591551506	-0.0121057704991	-0.0359888548142	0.0310298422153	0.108426556705	-0.0294755213217	0.0084194264241	0.0264892804301	0.0583477230453
19	0.0163415569229	-0.0338133364269	-0.0130911777096	0.0144784806228	-0.0159831206409	-0.122034683919	-0.0658581023632	-0.0596371877308	-0.0158034665948	-0.0533996860065	-0.00296779666068	1.0	0.0663120967675	-0.0792880934878	-0.0525609158994	0.0487185703718	0.0507023106675	0.0510980127024	0.0556822360938	-0.0345670867344	0.0744849040303	0.181810564766	-0.0132068785495	-0.00941279221612	-0.0635455018366	-0.00719397549616	0.0195966446952	0.051656787991	0.0105652734125	0.044945477779	-0.0592196041662	0.012466088487	0.0351973044768	0.0233798614908	0.0591948256106	-0.0916882262375	-0.00241423803738	-0.0146902003044	0.046040384286	-0.0724928127637	-0.00224204557917	0.0323636793347	0.00633502390166	0.0151431373224	0.0288805084483	0.03517940581	0.0169265559791	-0.0372839752368	0.0393785157029	-0.0176030696059
2	-0.0787256885515	-0.113759011468	0.0208351218421	-0.0294833043553	-0.0281279690562	0.0753025904335	-0.0955130032512	-0.051525612725	0.0160177485551	0.0593515400867	0.0183278450222	0.0663120967675	1.0	0.0156992348573	0.141722096482	-0.0139714982183	0.0226141217249	-0.0334157714178	-0.0197281354369	-0.00695083139938	0.019099019145	-0.0602937573387	0.0768563826722	0.03631653908	-0.0669073523606	-0.124400584129	0.0959231996192	0.0419454992674	-0.0168829462571	0.0559089993896	0.00350097560792	0.0237570845922	-0.0624721064126	0.0233408305128	-0.0612118692367	0.156295229952	-0.0438041834404	0.016050719998	0.00787812188601	0.0431615512108	0.145228044735	-0.0734524647713	-0.0323617564964	0.0113357221725	-0.0604747573088	0.0559004796308	0.0577333386432	-0.0704852280848	0.0520703690494	-0.0333826179582
20	0.0938442693419	-0.00988610266968	0.0133657022863	0.0256682573076	-0.0473346551503	0.0897881305832	0.0948377318703	-0.0676665724465	-0.00770554188656	0.0719328539156	-0.0913976768268	-0.0792880934878	0.0156992348573	1.0	0.0193671044049	-0.0213669259303	-0.026890642717	-0.01877608809	-0.0148083413	-0.0245357554292	-0.0995417155934	-0.0155324092853	0.0295145502269	-0.0338633389893	0.0479848792692	0.111368727709	0.0902976101596	0.00970403395601	-0.0605569167238	-0.0822362435273	0.0634570532736	-0.0107587340565	0.0902353093998	-0.0387536566288	-0.0372354024218	-0.0388899665254	0.216197351688	0.029908827781	-0.00898298254475	-0.0241153831296	0.00864182711315	0.0596456653174	-0.0918583494124	-0.116859722584	-0.0497333940324	0.0312765138273	0.117153674644	-0.0782033721506	-0.0905988956	0.00818526503528
21	-0.0264666778602	-0.0291251113109	0.0556777156324	0.0979898194238	-0.0240481271637	-0.0494810100404	-0.0395048197318	-0.105258116867	-0.0225622565554	0.0506090741656	-0.00842268945116	-0.0525609158994	0.141722096482	0.0193671044049	1.0	0.0551463887795	0.00993778851817	-0.000399875384556	-0.0848669343578	0.0748992251979	0.00185684843023	-0.0808368523541	0.00744093281329	0.0301544511671	-0.0238351985571	-0.000944738754302	-0.0530762338094	-0.006758552307	-0.0213735980802	0.0327054655201	0.0351276440128	0.0103115765033	-0.0427494757823	-0.00959510494754	0.113363060121	0.015631075952	0.0336714244337	-0.0639760498063	0.020814479559	-0.0120713824802	-0.0154590247093	-0.0406705555196	-0.0797605590274	0.0443960362331	0.034000988775	0.0454087656697	-0.0395375335467	-0.00120065586112	0.0209453322904	-0.0109081298566
22	0.0631321994762	0.0663827468932	-0.0440366755972	-0.0990575731692	-0.00623720117296	-0.0336156377287	0.0390019788456	0.0444334519311	-0.0442241131013	-0.0583176990766	-0.044068589117	0.0487185703718	-0.0139714982183	-0.0213669259303	0.0551463887795	1.0	-0.00511254505933	0.0195155398201	0.0914419092485	-0.0906773157177	0.0732813736341	0.154172017356	0.0188829866684	0.00819550705341	-0.00208568201255	-0.0359553615224	0.0425714461097	0.0240794154363	-0.0510950903855	-0.00468826802329	-0.0933420566266	0.0324216398001	-0.062004992361	-0.0857655942757	-0.0252904886408	0.000877359774288	0.157769262523	-0.0346943708926	0.122341219507	0.0280572173117	-0.0395308162729	-0.0322812365509	-0.0231719497404	-0.0228453395076	-0.0490712127089	0.0386903566197	-0.0456366217511	-0.0892667783789	-0.0535708498586	0.00112960191943
23	-0.0484839047519	0.00280025615459	0.0425903541704	0.0647150480491	-0.0307055543179	0.0951726485674	0.0432853076051	-0.0111688897465	0.0160584063104	0.0328340598501	0.0440257849917	0.0507023106675	0.0226141217249	-0.026890642717	0.00993778851817	-0.00511254505933	1.0	0.0940843782906	0.0015922786549	0.0106773672337	0.00101325678332	-0.0313399002829	0.000966512961338	0.0252277489568	0.0266185071637	-0.0833260758245	0.0897341208535	0.0637156733561	-0.020278498065	-0.0711344229969	-0.0092540783489	0.00329521184708	0.105918537226	0.0367581042613	-0.0255219494312	0.134150397614	0.0538009666748	-0.0268857050748	-0.0765065793543	-0.0998332466263	-0.0858825259797	0.0170045702011	-0.0214695070109	0.00208166395033	-0.0908048087	-0.130110562929	0.0337037657141	-0.0600153551264	-0.109290358866	0.00312379531434
24	0.0562021826789	0.0110360940193	0.0579002170796	0.00157313630621	0.0457686321731	0.0709833968255	-0.0639803088523	0.0334874941329	-0.0664468321292	-0.104616078634	0.0134244520528	0.0510980127024	-0.0334157714178	-0.01877608809	-0.000399875384556	0.0195155398201	0.0940843782906	1.0	-0.0309182154044	0.0789697772003	-0.003668661105	0.0652083557896	0.0943961834248	-0.0517808994025	-0.0432015112738	-0.0476401865197	0.0845332716704	0.0254689356852	-0.0940708117478	-0.076625021315	-0.107029976857	-0.0014258453951	0.0527172698707	-0.0353189309002	-0.00775565385907	-0.00209377455561	-0.0527781299074	0.0399095526387	0.0587522471067	-0.0235879500995	-0.0527328131068	0.0189155429881	-0.0611729563487	0.0679716419832	-0.0350200220533	0.0477083583307	-0.0322057758663	-0.0114489533323	-0.0750017124682	0.070334884137
25	0.0601195232826	-0.125877227695	0.0249773245124	-0.0214922779473	0.0560069887213	0.0309262915502	0.103329436428	0.141095900959	0.0632805334519	0.000536205080357	0.0673447815322	0.0556822360938	-0.0197281354369	-0.0148083413	-0.0848669343578	0.0914419092485	0.0015922786549	-0.0309182154044	1.0	-0.0307786321751	0.00378865931184	0.0498439973812	0.0559480571465	-0.0781000348354	0.0199366147186	0.00641922493138	0.0947298949	-0.00953856806777	0.0802472150406	0.0226933676595	0.0500991785916	0.00763961071999	0.00714609927386	-0.0926910818967	0.00816717162632	-0.0120036725887	0.00875162762939	-0.0486165549413	-0.00151972917844	-0.0290172701122	-0.0976607861006	-0.0446517066197	0.0692946160386	0.0459247321911	-0.109206768139	-0.112498425674	-0.0162398194279	-0.119816027725	-0.0487704961977	0.0815795600042
26	0.0227799397032	-0.0659612666653	0.199276835288	0.0387056024621	0.0364820568734	-0.0734478419725	0.0979431594145	-0.0204105227185	-0.040087566642	0.0147541620623	0.0366491720281	-0.0345670867344	-0.00695083139938	-0.0245357554292	0.0748992251979	-0.0906773157177	0.0106773672337	0.0789697772003	-0.0307786321751	1.0	0.0258243552775	0.0246283645511	0.0334023695863	-0.00476823428195	-0.150287842651	-0.0111963944379	0.0460993389965	0.0397233132734	0.00828408571597	-0.00608011683934	-0.084145816467	-0.0329784160678	0.0262937162338	0.0245313341791	0.0654481166944	0.0431392787163	0.00119186607831	-0.100731337546	-0.0580977991801	-0.0358463648445	0.151090616285	0.069971818839	0.0113628770894	0.0150645938218	0.189499577174	-0.0402258907602	-0.0568339719901	-0.024171675995	-0.0801348664531	0.000981879734333
27	0.0116789374819	-0.03578921911	0.000685650380281	-0.0472150627473	0.0277234647413	-0.0830003820558	0.0854019979295	0.0659103098291	-0.0219597390247	0.0594784093522	0.019629363097	0.0744849040303	0.019099019145	-0.0995417155934	0.00185684843023	0.0732813736341	0.00101325678332	-0.003668661105	0.00378865931184	0.0258243552775	1.0	-0.00888954972011	0.0341950568561	-0.0840721337598	0.0161872453539	-0.0229389724609	0.0185030606292	0.00204221376141	-0.0665744880857	0.0177155289105	0.0589290823924	-0.0404974810919	-0.0237954682186	-0.015648163778	-0.000278011947301	0.00959557233791	-0.0308843290821	-0.0627582271864	0.0990951178238	-0.0421917976065	0.131728525929	-0.00269973437185	-0.114292120366	-0.0618390329727	-0.0307554817645	0.0366984602523	-0.0227956611305	0.0163124391885	0.119743766188	0.0276597409152
28	0.0077841643131	0.0689088207848	-0.0474824976118	-0.096272652387	-0.00589395825562	-0.1230322439	0.0197358344272	-0.0499754596629	-0.0311935594257	0.00985735525544	-0.0154192281981	0.181810564766	-0.0602937573387	-0.0155324092853	-0.0808368523541	0.154172017356	-0.0313399002829	0.0652083557896	0.0498439973812	0.0246283645511	-0.00888954972011	1.0	-0.0729659992555	-0.00346990201247	-0.0693914927065	0.0155150132442	-0.0292729737161	-0.0127553448248	0.00356887768388	-0.0415712274669	-0.0740505370331	0.0791978090164	-0.0310650122548	-0.0251691302777	0.0248994154654	-0.0337460216517	-0.0351781198052	0.0971970962304	0.0370498138841	0.0688557186254	0.0678592997172	-0.0638315988975	0.115563475634	0.14459930536	-0.0422062709023	-0.0429888048882	0.015736533074	-0.0399173024004	0.0263694454424	0.0434039575111
29	0.0325897652555	-0.0920238781898	-0.0385229286121	0.00551044471324	0.00552761109192	-0.0291762501102	-0.0142738808151	0.135095301534	-0.0806932527861	-0.0756972541082	0.0272759155921	-0.0132068785495	0.0768563826722	0.0295145502269	0.00744093281329	0.0188829866684	0.000966512961338	0.0943961834248	0.0559480571465	0.0334023695863	0.0341950568561	-0.0729659992555	1.0	-0.0314660697098	0.0306324410186	-0.0990496923803	-0.00394224701027	0.0434281263892	-0.078326344699	0.0189997200114	0.00157927256053	-0.00987769961998	0.00395947767498	-0.00515627292206	0.0472409477831	0.075886936415	0.151798103778	-0.101840331263	0.0124927133446	-0.0356304599021	0.0121886301621	-0.0872159715453	-0.0695255895218	0.0320857030857	0.0649305485829	0.0301089198824	0.0774171372442	-0.0093015225745	-0.0159362897829	-0.000393969852703
3	-0.00352206514092	0.0861339158663	-0.0473580668668	-0.00798872791504	0.00678164568242	0.0484306822898	0.0382418872656	-0.0192487138243	-0.0153636995741	0.0494644506749	-0.0641869538803	-0.00941279221612	0.03631653908	-0.0338633389893	0.0301544511671	0.00819550705341	0.0252277489568	-0.0517808994025	-0.0781000348354	-0.00476823428195	-0.0840721337598	-0.00346990201247	-0.0314660697098	1.0	-0.0795868483328	-0.0563208802741	-0.00236191259314	-0.0358281869582	-0.0723618039612	0.0351364403667	0.142202881752	-0.0106769631209	-0.0158042824116	0.0969608669845	0.055770226303	-0.0936134202392	0.0517351838261	0.0761403315244	0.00660157859664	0.0336889369369	0.110945409224	-0.0610557825762	-0.0839013510806	0.00452300399113	-0.0319564255801	-0.0683426705518	-0.00315233422839	0.0583584331862	-0.0504521203245	0.0110697959446
30	0.0551597041274	0.0428690505714	-0.0616182972711	-0.0522999758896	-0.0267631806284	0.112091170973	-0.0273155946566	0.132746082221	-0.0195089774529	-0.0163363347656	0.0164140234475	-0.0635455018366	-0.0669073523606	0.0479848792692	-0.0238351985571	-0.00208568201255	0.0266185071637	-0.0432015112738	0.0199366147186	-0.150287842651	0.0161872453539	-0.0693914927065	0.0306324410186	-0.0795868483328	1.0	-0.0212556907013	-0.103202874997	0.0305678430623	-0.0567090467368	0.131829170745	0.000947991474826	-0.0493200858026	0.0389407320817	-0.0239653443865	-0.044092027225	-0.0353276397085	0.141841292162	-0.114732539194	-0.0216557607155	0.103262023481	0.0115093973742	-0.069480768987	0.018001844682	-0.0210812449131	0.0292322568644	0.0939972308111	-0.0349272426161	0.0433262230955	0.0794461093755	0.0444412793919
31	-0.00319711219701	0.061724555179	0.0102123689079	0.101884704121	-0.0301580503566	0.0411677143615	-0.0133767445817	-0.0972206391212	0.0920007366733	0.0489002021417	0.016058440996	-0.00719397549616	-0.124400584129	0.111368727709	-0.000944738754302	-0.0359553615224	-0.0833260758245	-0.0476401865197	0.00641922493138	-0.0111963944379	-0.0229389724609	0.0155150132442	-0.0990496923803	-0.0563208802741	-0.0212556907013	1.0	-0.0346363328872	0.0480696700486	0.0907113902092	-0.0188857179031	-0.0100878764	0.0633105194345	-0.0294269902197	0.00327825133426	-0.0293856389045	0.0152783281383	-0.0215580975112	-0.0490880610797	-0.0550846656575	0.0270781602128	0.0383177720186	0.0141379725779	0.0725543684541	0.0392835100559	0.025598165664	-0.0341962672692	-0.0387720543387	-0.000690119967075	0.0223282820216	-0.0264258062294
32	-0.0370057242037	-0.00712642844304	-0.0183570448024	-0.00977465488003	-0.0881445763946	0.0207160414751	-0.0935426889821	0.00163840680398	0.0358575622355	0.0633069199198	0.158111967263	0.0195966446952	0.0959231996192	0.0902976101596	-0.0530762338094	0.0425714461097	0.0897341208535	0.0845332716704	0.0947298949	0.0460993389965	0.0185030606292	-0.0292729737161	-0.00394224701027	-0.00236191259314	-0.103202874997	-0.0346363328872	1.0	0.0562241496546	-0.127576696449	-0.153738081807	-0.0230101483614	0.0272428001095	0.0962084455774	-0.0632262512648	-0.0221915129216	0.0946257520702	0.0991773251975	-0.0127729621172	0.0913093031035	-0.0678774771757	0.00717594663011	0.00432101076615	-0.107202000525	-0.0612667043998	-0.132002721431	-0.0153814195982	-0.0304385641616	-0.145827335148	0.0260849210593	-0.0253835011723
33	0.000161748262557	0.0339161007731	-0.0252704635798	-0.0693636552489	-0.0514742014506	-0.129079390233	0.0303839363842	0.0325592664516	-0.0796514522393	-0.0703242023171	-0.0453940609593	0.051656787991	0.0419454992674	0.00970403395601	-0.006758552307	0.0240794154363	0.0637156733561	0.0254689356852	-0.00953856806777	0.0397233132734	0.00204221376141	-0.0127553448248	0.0434281263892	-0.0358281869582	0.0305678430623	0.0480696700486	0.0562241496546	1.0	-0.0197468998244	-0.0410477503789	0.105298722436	0.0161128027083	-0.0798158387289	0.00532739789175	-0.0113160626685	-0.0667213244931	0.0468383113471	-0.0849054140192	-0.0524303779515	-0.083612706673	0.059572846714	-0.00939199176125	0.0868608836474	0.0317692220965	-0.0336101323692	-0.0752184116906	0.00778067183445	-0.025035138529	0.0726362028192	0.0494670988194
34	-0.0532508740575	-0.0316021056479	0.0645019479423	0.104338999938	-0.0145654316235	0.0339592993051	0.0115840806207	-0.078497113435	0.0689841583948	-0.0247019599816	0.000113408378988	0.0105652734125	-0.0168829462571	-0.0605569167238	-0.0213735980802	-0.0510950903855	-0.020278498065	-0.0940708117478	0.0802472150406	0.00828408571597	-0.0665744880857	0.00356887768388	-0.078326344699	-0.0723618039612	-0.0567090467368	0.0907113902092	-0.127576696449	-0.0197468998244	1.0	0.0735135369799	0.0823448316892	-0.0671264281189	-0.0690387194341	0.0203579241392	-0.0651108678865	0.0285222430599	-0.130514512735	0.00668501638113	-0.00146752979531	0.0594242624333	-0.00500278631556	0.0448226672565	0.212062534902	-0.0183106158347	0.0661955625099	-0.0276643390168	-9.08525832223e-05	0.140942366446	0.137819397585	0.0473276562167
35	0.00727289372932	0.032953779634	0.0477024608299	-0.0405644885976	0.0311473237197	0.0781500260786	-0.0611152093175	0.0318736118516	-0.02328629623	0.00335482187572	0.049311674908	0.044945477779	0.0559089993896	-0.0822362435273	0.0327054655201	-0.00468826802329	-0.0711344229969	-0.076625021315	0.0226933676595	-0.00608011683934	0.0177155289105	-0.0415712274669	0.0189997200114	0.0351364403667	0.131829170745	-0.0188857179031	-0.153738081807	-0.0410477503789	0.0735135369799	1.0	-0.0578692583251	-0.145201130849	0.00345887895077	-0.0266520565321	0.015780083656	-0.0428727156253	0.00662866024633	-0.00243231198661	0.0239214543044	0.00590579584336	0.0779355287225	-0.0280548890623	-0.00381227477356	-0.0646082621411	0.114815439184	0.0579590037554	-0.0729611176727	0.0407702413416	0.0464338746731	-0.0583000863947
36	-0.0853553842691	0.0446918290044	-0.0123924648268	-0.000613920894355	-0.0268481052371	-0.00100619201488	0.0765349056791	-0.0615529253769	0.0163809588733	-0.0163428354605	-0.0315308748632	-0.0592196041662	0.00350097560792	0.0634570532736	0.0351276440128	-0.0933420566266	-0.0092540783489	-0.107029976857	0.0500991785916	-0.084145816467	0.0589290823924	-0.0740505370331	0.00157927256053	0.142202881752	0.000947991474826	-0.0100878764	-0.0230101483614	0.105298722436	0.0823448316892	-0.0578692583251	1.0	-0.124750546677	0.00250471671615	0.0135191443922	0.0448357144576	0.0682296356177	-0.0236905731142	0.0536346921389	0.0447347201556	-0.0150185266166	0.0427994949139	-0.0524507843455	0.0292136298132	0.0133342317285	-0.0415660108378	-0.044475413642	0.0172014018589	0.00663660758401	-0.0132593289078	0.0721155991716
37	0.0262291646024	0.0381685983182	-0.0645917964687	0.0263543022729	0.03806566272	-0.0258972284857	-0.0774448764178	0.00824368470286	0.0525311028854	0.0769201199155	-0.0130966049822	0.012466088487	0.0237570845922	-0.0107587340565	0.0103115765033	0.0324216398001	0.00329521184708	-0.0014258453951	0.00763961071999	-0.0329784160678	-0.0404974810919	0.0791978090164	-0.00987769961998	-0.0106769631209	-0.0493200858026	0.0633105194345	0.0272428001095	0.0161128027083	-0.0671264281189	-0.145201130849	-0.124750546677	1.0	-0.0875199142178	0.0499609322076	0.0971912984564	-0.026025657023	-0.0129134329456	0.0354175437598	-0.00398805853559	0.0283768949817	-0.0591162147796	0.0266968355569	-0.00280608980479	-0.0381759447825	0.0917872583302	0.0551772832595	-0.0503811458325	0.0644727202932	-0.0515699645202	0.0610603747043
38	-0.0181247424406	-0.0443785807691	0.0893293135085	0.122737770926	0.0298865077523	0.0484203696745	0.0595533886927	0.0503318999667	-0.0175477130415	-0.0161559766546	-0.0348048060086	0.0351973044768	-0.0624721064126	0.0902353093998	-0.0427494757823	-0.062004992361	0.105918537226	0.0527172698707	0.00714609927386	0.0262937162338	-0.0237954682186	-0.0310650122548	0.00395947767498	-0.0158042824116	0.0389407320817	-0.0294269902197	0.0962084455774	-0.0798158387289	-0.0690387194341	0.00345887895077	0.00250471671615	-0.0875199142178	1.0	-0.0310686111076	-0.00887361862217	0.120751652388	-0.0804062716232	-0.0126190490573	-0.0625225147198	-0.0285457373992	-0.0278878741142	0.0415921891837	0.10504827295	-0.0613325274918	0.0142990668859	-0.0130865930548	-0.0242649099421	-0.0279022199639	-0.0596262904683	-0.0918474198455
39	-0.145740914441	-0.0444609074108	-0.0190904773768	-0.0688369977155	0.068053780157	-0.0198431699984	-0.0171593256565	-0.0969935218358	-0.012479019929	0.0634561794645	-0.0722306615652	0.0233798614908	0.0233408305128	-0.0387536566288	-0.00959510494754	-0.0857655942757	0.0367581042613	-0.0353189309002	-0.0926910818967	0.0245313341791	-0.015648163778	-0.0251691302777	-0.00515627292206	0.0969608669845	-0.0239653443865	0.00327825133426	-0.0632262512648	0.00532739789175	0.0203579241392	-0.0266520565321	0.0135191443922	0.0499609322076	-0.0310686111076	1.0	0.127513200996	0.145915249241	-0.0125336088089	-0.00626514234751	0.0679952911326	-0.0171683751327	-0.0309172043067	0.111584823012	0.0201212303999	0.0851886511354	0.0179175180424	0.0365198244691	0.058721833999	-0.028940985863	-0.0403772818451	0.0867427819697
4	-0.114554817837	-0.0227582910177	0.015380849907	-0.0660020367759	-0.0229789239257	-0.0283589492559	-0.00166491879899	0.0911719660814	-0.0477175381392	0.0527029678136	-0.0502535364241	0.0591948256106	-0.0612118692367	-0.0372354024218	0.113363060121	-0.0252904886408	-0.0255219494312	-0.00775565385907	0.00816717162632	0.0654481166944	-0.000278011947301	0.0248994154654	0.0472409477831	0.055770226303	-0.044092027225	-0.0293856389045	-0.0221915129216	-0.0113160626685	-0.0651108678865	0.015780083656	0.0448357144576	0.0971912984564	-0.00887361862217	0.127513200996	1.0	-0.0892448377012	0.0304097377688	-0.0543497539924	0.0709113059619	-0.00708624166259	-0.0427162264953	-0.111215316571	0.0103556867388	0.0288496952488	0.0738824973809	-0.046874527103	0.0510671765296	0.097292694486	-0.0156473342816	-0.0294565228679
40	-0.0216596622136	-0.0589413654223	0.0435057611708	-0.0637177183576	0.0319061909434	0.0644869544624	-0.0268585765829	0.0332746629808	-0.0166586917297	0.0170722018152	0.0831272064637	-0.0916882262375	0.156295229952	-0.0388899665254	0.015631075952	0.000877359774288	0.134150397614	-0.00209377455561	-0.0120036725887	0.0431392787163	0.00959557233791	-0.0337460216517	0.075886936415	-0.0936134202392	-0.0353276397085	0.0152783281383	0.0946257520702	-0.0667213244931	0.0285222430599	-0.0428727156253	0.0682296356177	-0.026025657023	0.120751652388	0.145915249241	-0.0892448377012	1.0	-0.106912763492	0.0560754599889	-0.0281007350733	-0.0255051933811	0.0254803084891	0.00927709305322	-0.0361295550017	-0.0293607753272	-0.00104120419902	-0.0602006546038	-0.00462978353313	-0.0769801328418	-0.107042985168	-0.0381924278982
41	0.0249708149279	0.0308112853961	0.0313615607442	-0.0356415675997	-0.0141750895011	-0.0907867951831	0.0208990092486	0.110679236611	-0.0306421352695	-0.0227819084736	-0.0681439527964	-0.00241423803738	-0.0438041834404	0.216197351688	0.0336714244337	0.157769262523	0.0538009666748	-0.0527781299074	0.00875162762939	0.00119186607831	-0.0308843290821	-0.0351781198052	0.151798103778	0.0517351838261	0.141841292162	-0.0215580975112	0.0991773251975	0.0468383113471	-0.130514512735	0.00662866024633	-0.0236905731142	-0.0129134329456	-0.0804062716232	-0.0125336088089	0.0304097377688	-0.106912763492	1.0	0.0590707841876	0.0863716617708	0.00448826774893	-0.0749768893204	0.0432147546036	-0.0712975192911	-0.230184200263	-0.0759976660974	0.047173496281	-0.0255028446635	-0.0257546148856	-0.0702436369149	0.00718447453004
42	-0.0548091767465	0.158984186859	0.0517405183142	0.00106379884512	0.0718831060632	-0.00639244365388	0.0200258651109	0.0387994764342	0.0473095744477	0.0447777261082	-0.0198736243593	-0.0146902003044	0.016050719998	0.029908827781	-0.0639760498063	-0.0346943708926	-0.0268857050748	0.0399095526387	-0.0486165549413	-0.100731337546	-0.0627582271864	0.0971970962304	-0.101840331263	0.0761403315244	-0.114732539194	-0.0490880610797	-0.0127729621172	-0.0849054140192	0.00668501638113	-0.00243231198661	0.0536346921389	0.0354175437598	-0.0126190490573	-0.00626514234751	-0.0543497539924	0.0560754599889	0.0590707841876	1.0	0.00853809416335	-0.0440303856554	-0.0969229486274	0.0307857083274	-0.0202731455278	-0.0523234716659	0.053748567872	0.0119741254118	-0.00797383956231	0.151083919477	-0.0368352353214	-0.0727072647367
43	0.0190644651984	-0.044222008438	-0.0378340844401	0.00463587389109	-0.0366791550187	0.0155722637967	-0.0739678222841	-0.00134967999041	-0.0524101008417	0.0200407584975	-0.0320038072244	0.046040384286	0.00787812188601	-0.00898298254475	0.020814479559	0.122341219507	-0.0765065793543	0.0587522471067	-0.00151972917844	-0.0580977991801	0.0990951178238	0.0370498138841	0.0124927133446	0.00660157859664	-0.0216557607155	-0.0550846656575	0.0913093031035	-0.0524303779515	-0.00146752979531	0.0239214543044	0.0447347201556	-0.00398805853559	-0.0625225147198	0.0679952911326	0.0709113059619	-0.0281007350733	0.0863716617708	0.00853809416335	1.0	0.0243667524744	-0.0337098329482	-0.0188728754334	-0.0243654239505	-0.0741053216988	-0.0317956880475	-0.0072673546876	-0.0366637500935	0.00931496344497	-0.00711307203283	-0.0212061380485
44	-0.00233541411284	0.0637500354144	-0.0454823814156	-0.0919003608114	-0.129563331341	-0.00897186441859	0.0878934401967	0.109293630498	-0.0772746325208	-0.0909456394534	0.0172948642522	-0.0724928127637	0.0431615512108	-0.0241153831296	-0.0120713824802	0.0280572173117	-0.0998332466263	-0.0235879500995	-0.0290172701122	-0.0358463648445	-0.0421917976065	0.0688557186254	-0.0356304599021	0.0336889369369	0.103262023481	0.0270781602128	-0.0678774771757	-0.083612706673	0.0594242624333	0.00590579584336	-0.0150185266166	0.0283768949817	-0.0285457373992	-0.0171683751327	-0.00708624166259	-0.0255051933811	0.00448826774893	-0.0440303856554	0.0243667524744	1.0	0.0668551633188	-0.0862467890618	0.0281554640629	-0.0194754155977	-0.000841824276452	0.129868910097	0.0792327285114	0.0105591087997	0.166691328663	-0.0285273175511
45	0.0120280106706	0.0514196061447	0.038892682396	-0.177126919372	0.0173542857677	0.000194538264374	-0.0185702773248	-0.113826940405	-0.0157392040251	0.0276992312074	0.000574962300393	-0.00224204557917	0.145228044735	0.00864182711315	-0.0154590247093	-0.0395308162729	-0.0858825259797	-0.0527328131068	-0.0976607861006	0.151090616285	0.131728525929	0.0678592997172	0.0121886301621	0.110945409224	0.0115093973742	0.0383177720186	0.00717594663011	0.059572846714	-0.00500278631556	0.0779355287225	0.0427994949139	-0.0591162147796	-0.0278878741142	-0.0309172043067	-0.0427162264953	0.0254803084891	-0.0749768893204	-0.0969229486274	-0.0337098329482	0.0668551633188	1.0	0.0644099035239	0.0106469790835	-0.00578766772851	0.020018774423	-0.0752868857901	0.0166736255564	-0.0203366183295	-0.0411387747264	-0.0796690773243
46	0.0191347317069	0.0770815298823	0.0903915444891	0.0591458695116	0.0571879792444	0.0612442591081	-0.0769311117524	-0.0715852353063	-0.0296331314974	0.00855549046371	-0.0443591551506	0.0323636793347	-0.0734524647713	0.0596456653174	-0.0406705555196	-0.0322812365509	0.0170045702011	0.0189155429881	-0.0446517066197	0.069971818839	-0.00269973437185	-0.0638315988975	-0.0872159715453	-0.0610557825762	-0.069480768987	0.0141379725779	0.00432101076615	-0.00939199176125	0.0448226672565	-0.0280548890623	-0.0524507843455	0.0266968355569	0.0415921891837	0.111584823012	-0.111215316571	0.00927709305322	0.0432147546036	0.0307857083274	-0.0188728754334	-0.0862467890618	0.0644099035239	1.0	-0.0435784138887	-0.0527446869806	0.0686568400322	0.0599441075435	0.0687244620563	0.138208943425	-0.0727947288844	-0.00260685550149
47	-0.00936122521949	-0.0343824889757	-0.0235169967362	-0.00994024109484	-0.0377677689457	-0.00251933188044	-0.0389669495116	0.00285375320887	0.143881520896	0.0322937534404	-0.0121057704991	0.00633502390166	-0.0323617564964	-0.0918583494124	-0.0797605590274	-0.0231719497404	-0.0214695070109	-0.0611729563487	0.0692946160386	0.0113628770894	-0.114292120366	0.115563475634	-0.0695255895218	-0.0839013510806	0.018001844682	0.0725543684541	-0.107202000525	0.0868608836474	0.212062534902	-0.00381227477356	0.0292136298132	-0.00280608980479	0.10504827295	0.0201212303999	0.0103556867388	-0.0361295550017	-0.0712975192911	-0.0202731455278	-0.0243654239505	0.0281554640629	0.0106469790835	-0.0435784138887	1.0	0.101365764176	-0.0161418259138	0.0253002646207	0.0288351792091	0.00994241256068	0.078543495688	-0.095949227961
48	-0.0547080652468	-0.0361200850843	-0.0087351229978	0.0291030478922	0.0405874981562	0.00334059235233	-0.0349387710507	0.0286627575459	0.0486711264534	-0.0160676689827	-0.0359888548142	0.0151431373224	0.0113357221725	-0.116859722584	0.0443960362331	-0.0228453395076	0.00208166395033	0.0679716419832	0.0459247321911	0.0150645938218	-0.0618390329727	0.14459930536	0.0320857030857	0.00452300399113	-0.0210812449131	0.0392835100559	-0.0612667043998	0.0317692220965	-0.0183106158347	-0.0646082621411	0.0133342317285	-0.0381759447825	-0.0613325274918	0.0851886511354	0.0288496952488	-0.0293607753272	-0.230184200263	-0.0523234716659	-0.0741053216988	-0.0194754155977	-0.00578766772851	-0.0527446869806	0.101365764176	1.0	-0.0520020320707	0.0210579933721	-0.0489149942176	-0.0207426365641	0.0188290492362	0.0283412005963
49	-0.00771364024069	0.0103727461846	0.0832704556307	-0.0219941356592	-0.0210329183612	0.0208090291912	-0.166380634205	0.0321438210283	0.00675418738006	-0.0548172911919	0.0310298422153	0.0288805084483	-0.0604747573088	-0.0497333940324	0.034000988775	-0.0490712127089	-0.0908048087	-0.0350200220533	-0.109206768139	0.189499577174	-0.0307554817645	-0.0422062709023	0.0649305485829	-0.0319564255801	0.0292322568644	0.025598165664	-0.132002721431	-0.0336101323692	0.0661955625099	0.114815439184	-0.0415660108378	0.0917872583302	0.0142990668859	0.0179175180424	0.0738824973809	-0.00104120419902	-0.0759976660974	0.053748567872	-0.0317956880475	-0.000841824276452	0.020018774423	0.0686568400322	-0.0161418259138	-0.0520020320707	1.0	0.0303440434868	0.0279975648177	0.00325079341614	0.0322161376225	-0.0624867556174
5	0.157751377251	0.00510231756325	-0.0663697223054	-0.00133054019946	-0.0160894000989	-0.0751141191629	-0.0986088745278	-0.0486564545185	0.0254109279546	-0.0563472475676	0.108426556705	0.03517940581	0.0559004796308	0.0312765138273	0.0454087656697	0.0386903566197	-0.130110562929	0.0477083583307	-0.112498425674	-0.0402258907602	0.0366984602523	-0.0429888048882	0.0301089198824	-0.0683426705518	0.0939972308111	-0.0341962672692	-0.0153814195982	-0.0752184116906	-0.0276643390168	0.0579590037554	-0.044475413642	0.0551772832595	-0.0130865930548	0.0365198244691	-0.046874527103	-0.0602006546038	0.047173496281	0.0119741254118	-0.0072673546876	0.129868910097	-0.0752868857901	0.0599441075435	0.0253002646207	0.0210579933721	0.0303440434868	1.0	-0.0060509963717	-0.0057121188303	0.0982155986182	-0.0640291159991
6	-0.087383661903	-0.0450856985272	0.0358037018754	0.0227014317865	-0.0139831547518	-0.0466188306809	-0.0101830011377	0.060029904563	-0.0123957992485	0.0340419508826	-0.0294755213217	0.0169265559791	0.0577333386432	0.117153674644	-0.0395375335467	-0.0456366217511	0.0337037657141	-0.0322057758663	-0.0162398194279	-0.0568339719901	-0.0227956611305	0.015736533074	0.0774171372442	-0.00315233422839	-0.0349272426161	-0.0387720543387	-0.0304385641616	0.00778067183445	-9.08525832223e-05	-0.0729611176727	0.0172014018589	-0.0503811458325	-0.0242649099421	0.058721833999	0.0510671765296	-0.00462978353313	-0.0255028446635	-0.00797383956231	-0.0366637500935	0.0792327285114	0.0166736255564	0.0687244620563	0.0288351792091	-0.0489149942176	0.0279975648177	-0.0060509963717	1.0	0.00890788415542	0.0217324153884	0.0178412181682
7	-0.0678751531727	-0.0124018522532	0.096315240722	-0.00773907341596	0.0160535610673	-0.0173029645223	0.0362375347203	0.0313898183053	0.0204878517672	-0.025695768516	0.0084194264241	-0.0372839752368	-0.0704852280848	-0.0782033721506	-0.00120065586112	-0.0892667783789	-0.0600153551264	-0.0114489533323	-0.119816027725	-0.024171675995	0.0163124391885	-0.0399173024004	-0.0093015225745	0.0583584331862	0.0433262230955	-0.000690119967075	-0.145827335148	-0.025035138529	0.140942366446	0.0407702413416	0.00663660758401	0.0644727202932	-0.0279022199639	-0.028940985863	0.097292694486	-0.0769801328418	-0.0257546148856	0.151083919477	0.00931496344497	0.0105591087997	-0.0203366183295	0.138208943425	0.00994241256068	-0.0207426365641	0.00325079341614	-0.0057121188303	0.00890788415542	1.0	0.0243589433866	-0.000394435769052
